0.0458140000
0.0632740000
6.1841830000
0.0441850000
0.0644140000
6.2033550000
0.0459730000
0.0690600000
8.1014370000
0.0459880000
0.0601430000
6.1229310000
0.0427080000
0.0597530000
6.3004340000
0.0414700000
0.0632360000
6.0837320000
0.0520760000
0.0645040000
6.8882710000
0.0413610000
0.0629550000
6.7132580000
0.0541250000
0.0717330000
7.4232130000
0.0512220000
0.0707190000
7.1564660000
0.0501020000
0.0696810000
7.1921930000
0.0642610000
0.1519580000
8.1398760000
0.0516950000
0.0753530000
7.7977450000
0.0517660000
0.0759870000
7.6826510000
0.0537800000
0.0739200000
7.8123040000
0.0507270000
0.0740910000
7.5457970000
0.0498200000
0.0702560000
8.0231660000
0.0498520000
0.0706920000
7.4228690000
0.0516920000
0.0684940000
7.1312360000
0.0439010000
0.0607970000
7.4830470000
0.0521960000
0.0587810000
6.6723990000
0.0413980000
0.0644960000
6.2751600000
0.0420890000
0.0648270000
6.5788330000
0.0460930000
0.0746820000
6.5410660000
0.0432240000
0.0616170000
6.4235310000
0.0433180000
0.0635860000
6.2225170000
0.0544000000
0.0683960000
6.3713150000
0.0468340000
0.0640620000
6.2923810000
0.0564240000
0.0605900000
6.2393410000
0.0470380000
0.0762950000
6.1686680000
0.0475150000
0.0712440000
6.1940460000
0.0479680000
0.0705200000
6.2150540000
0.0497990000
0.0706010000
6.2558310000
0.0470780000
0.0658170000
6.2834510000
0.0463000000
0.0583280000
6.1926400000
0.0425180000
0.0592780000
6.2744080000
0.0415670000
0.0645230000
6.2601270000
0.0481400000
0.0609340000
6.2426810000
0.0477350000
0.0616230000
6.1738260000
0.0493580000
0.0643470000
6.2116370000
0.0482480000
0.0643540000
6.2262560000
0.0521150000
0.0688820000
6.3193620000
0.0414160000
0.0700260000
6.1665870000
0.0413690000
0.0586940000
6.2312930000
0.0517020000
0.0588720000
6.3592150000
0.0419240000
0.0730710000
6.2145030000
0.0422040000
0.0682360000
6.1239410000
0.0435710000
0.0590710000
6.0734540000
0.0435240000
0.0660630000
6.1841050000
0.0453230000
0.0621690000
6.2989490000
0.0465950000
0.0641160000
6.1380210000
0.0477650000
0.0706050000
6.2197450000
0.0439240000
0.0592370000
6.1854420000
0.0414550000
0.0622400000
6.3738630000
0.0416170000
0.0582150000
6.4372240000
0.0459950000
0.0663620000
6.2132370000
0.0413840000
0.0711950000
6.2869840000
0.0511620000
0.0722830000
6.4194700000
0.0415550000
0.0708050000
6.2222980000
0.0560800000
0.0705570000
6.1323310000
0.0414240000
0.0706040000
6.1476510000
0.0432610000
0.0669760000
6.4224340000
0.0435270000
0.0610440000
6.2349720000
0.0456610000
0.0644580000
6.1997680000
0.0453840000
0.0640810000
7.2784660000
0.0518320000
0.1244030000
7.1348830000
0.0507650000
0.0773190000
6.9559440000
0.0434140000
0.0637520000
6.4446350000
0.0460510000
0.0655340000
6.4544520000
0.0480650000
0.0678390000
6.6094110000
0.0415450000
0.0652040000
6.9899370000
0.0489790000
0.0732390000
6.9628670000
0.0588550000
0.0748420000
6.3896050000
0.0423240000
0.0707140000
6.3207530000
0.0416080000
0.0583370000
6.3537980000
0.0507390000
0.0591480000
6.6615450000
0.0422350000
0.0665870000
6.5146670000
0.0469400000
0.0712100000
6.3939390000
0.0456500000
0.0625610000
6.4812640000
0.0457980000
0.0598360000
6.4575140000
0.0435890000
0.0656820000
6.5138840000
0.0413460000
0.0656760000
6.5631690000
0.0610860000
0.0765190000
6.4137360000
0.1062320000
0.1660970000
7.9492580000
0.0414310000
0.0740330000
6.3569130000
0.0480540000
0.0788140000
6.6120130000
0.0589920000
0.0981970000
6.8447680000
0.0554380000
0.0800050000
6.7375200000
0.0477160000
0.0653370000
6.6901570000
0.0430200000
0.0607320000
6.7433850000
0.0422770000
0.0654360000
6.2782800000
0.0643590000
0.0971230000
6.7910700000
0.0529010000
0.0608830000
6.3698740000
0.0510880000
0.0696140000
6.5463900000
0.0538690000
0.0646080000
6.2774990000
0.0472090000
0.0642070000
6.3345870000
0.0414800000
0.0705600000
6.2443090000
0.0445470000
0.0626570000
8.0804190000
0.0556340000
0.0838030000
8.1233760000
0.0639310000
0.0822600000
8.1341470000
