0.0585100000
0.0951220000
0.0681970000
0.0908160000
0.0747520000
0.0990560000
0.0808170000
0.1230420000
0.0636420000
0.1043450000
0.0639860000
0.0951880000
0.0680410000
0.1140530000
0.0694000000
0.0912780000
0.0681750000
0.0883630000
0.0679330000
0.1026790000
0.0686730000
0.0896980000
0.0665690000
0.0894390000
0.0626700000
0.0886380000
0.0586560000
0.0929190000
0.0597990000
0.1023600000
0.0708890000
0.1081370000
0.0585690000
0.1034550000
0.0698160000
0.1200150000
0.0679200000
0.1010480000
0.0602040000
0.0945590000
0.0675980000
0.0861120000
0.0606380000
0.0973440000
0.0652080000
0.0850420000
0.0610340000
0.0823440000
0.0765200000
0.0839080000
0.0719730000
0.0905240000
0.0650450000
0.0872390000
0.0829290000
0.0888560000
0.0622200000
0.0891420000
0.0689340000
0.1075350000
0.0691070000
0.0868450000
0.0709390000
0.0927980000
0.0671090000
0.0886690000
0.0654300000
0.0930460000
0.0661590000
0.0889830000
0.0669700000
0.0848000000
0.0658990000
0.0835990000
0.0651170000
0.1003990000
0.0725850000
0.0907260000
0.0590580000
0.1066440000
0.0684020000
0.0831610000
0.0736040000
0.1090850000
0.0644040000
0.0894280000
0.0588400000
0.0943750000
0.0724880000
0.1016990000
0.0620870000
0.0836770000
0.0653600000
0.0980180000
0.0653310000
0.0943150000
0.0632660000
0.0875390000
0.0626890000
0.0855870000
0.0704180000
0.0831200000
0.0763900000
0.0894790000
0.0591310000
0.0906950000
0.0615570000
0.0892020000
0.0690380000
0.0847810000
0.0707430000
0.0902700000
0.0680950000
0.0888040000
0.0649220000
0.1009240000
0.0588280000
0.0885550000
0.0586380000
0.0912870000
0.0589350000
0.1021050000
0.0586820000
0.1056250000
0.0586590000
0.0908440000
0.0930930000
0.1367400000
0.0896240000
0.1075220000
0.0592870000
0.0917720000
0.0700590000
0.0936550000
0.0669990000
0.1208140000
0.0783520000
0.0885310000
0.0701850000
0.1032580000
0.0609330000
0.0895610000
0.0752980000
0.1127690000
0.0732510000
0.1010640000
0.0630800000
0.0933610000
0.0631820000
0.0922440000
0.0840050000
0.0869510000
0.0683430000
0.0950570000
0.0778640000
0.0858510000
0.0605830000
0.0977470000
0.0712090000
0.0890280000
0.0617300000
0.0860040000
0.0625390000
0.0997580000
0.0710240000
0.0945950000
0.0678930000
0.0901350000
0.0634040000
0.0828350000
0.0662350000
0.0861450000
0.0642990000
0.0891620000
0.0604160000
0.0880860000
0.0607990000
0.0884750000
0.0585110000
0.0821180000
0.0590720000
0.0891560000
0.0582400000
0.0888010000
0.0605820000
0.1004450000
0.0585230000
0.0833910000
0.0609220000
0.0882200000
0.0583820000
0.0945630000
0.0583760000
0.0886460000
0.0591620000
0.1114720000
0.0672820000
0.1019020000
0.0605770000
0.0910900000
0.0694110000
0.1005710000
