0.1368440000
0.1735580000
0.1399690000
0.1701480000
0.1403650000
0.1795620000
0.1455150000
0.1722240000
0.1506350000
0.1717340000
0.1321120000
0.1708800000
0.1292700000
0.1783190000
0.1247810000
0.1658880000
0.1267940000
0.1920860000
0.1318390000
0.1703120000
0.1462550000
0.1814390000
0.1436870000
0.1738240000
0.1329810000
0.1785130000
0.1247130000
0.1736530000
0.1271050000
0.1812470000
0.1295490000
0.1799840000
0.1407310000
0.1650090000
0.1388980000
0.1847990000
0.1368550000
0.1784730000
0.1356860000
0.1804070000
0.1358730000
0.1676040000
0.1311580000
0.1631070000
0.1386210000
0.1804920000
0.1357990000
0.1822120000
0.1369750000
0.1771350000
0.1430850000
0.1706430000
0.1326660000
0.1692470000
0.1333340000
0.1669770000
0.1369600000
0.1781900000
0.1334790000
0.1826280000
0.1501400000
0.1996000000
0.1394300000
0.1743140000
0.1323150000
0.1674120000
0.1501620000
0.1611090000
0.1291210000
0.1665410000
0.1349540000
0.1733610000
0.1348020000
0.1689300000
0.1438650000
0.1738660000
0.1306630000
0.1820180000
0.1257980000
0.1667630000
0.1297860000
0.1662530000
0.1309250000
0.1692000000
0.1361200000
0.1791290000
0.1353200000
0.1698000000
0.1331320000
0.1817660000
0.1322460000
0.1668140000
0.1390020000
0.1613620000
0.1419160000
0.1641590000
0.1277350000
0.1605790000
0.1296260000
0.1754280000
0.1341080000
0.1742480000
0.1363120000
0.1678350000
0.1331800000
0.1685710000
0.1236170000
0.1866550000
0.1310190000
0.1668920000
0.1295900000
0.1695960000
0.1356290000
0.1870420000
0.1487930000
0.1765480000
0.1305370000
0.1683190000
0.1749980000
0.2159920000
0.1429630000
0.1785740000
0.1300120000
0.1670100000
0.1291780000
0.1823170000
0.1345320000
0.1933810000
0.1348320000
0.1620590000
0.1340890000
0.1781870000
0.1309760000
0.1770620000
0.1376530000
0.1606330000
0.1378680000
0.1784700000
0.1318150000
0.1645040000
0.1378380000
0.1840590000
0.1386280000
0.1726600000
0.1351770000
0.1829530000
0.1258040000
0.1740160000
0.1559120000
0.5715790000
0.1323460000
1.2588270000
0.1759620000
0.2273240000
0.1349070000
0.1786910000
0.1420800000
0.1794980000
0.1925930000
0.2633030000
0.1463110000
0.1941610000
0.1460380000
0.1807770000
0.1539520000
0.1780420000
0.1553090000
0.2030490000
0.1628220000
0.1969680000
0.1335770000
0.1787840000
0.1764680000
0.2079840000
0.1510180000
0.1847950000
0.1433800000
0.1772670000
0.1420740000
0.1758020000
0.1565360000
0.1996210000
0.1698140000
0.1909820000
0.1568780000
0.1945000000
0.1433960000
0.1803300000
0.1513370000
0.1921590000
0.1540360000
0.1847240000
0.1331100000
0.1945990000
0.1525420000
0.1788470000
0.1416550000
0.1707070000
0.1431260000
0.1769700000
