0.0450460000
0.0632080000
3.1329960000
0.0428960000
0.0587280000
3.1915570000
0.0561320000
0.0836720000
3.5642650000
0.0439700000
0.0735400000
3.0207190000
0.0453930000
0.0871510000
3.3389330000
0.0443750000
0.0615510000
2.9937170000
0.0435710000
0.0633980000
3.0531780000
0.0553990000
0.0724110000
4.0436960000
0.0537080000
0.0700930000
3.7245830000
0.0491900000
0.0688530000
3.6133700000
0.0547860000
0.0935130000
4.9192640000
0.0574170000
0.0794910000
3.8456500000
0.0550120000
0.0726680000
3.9178280000
0.0537860000
0.0718440000
3.8576410000
0.0584960000
0.0775600000
3.7726800000
0.0518600000
0.0709590000
3.7351200000
0.0589310000
0.0713850000
3.6712210000
0.0655870000
0.0878710000
3.5680320000
0.0435200000
0.0612900000
3.3031530000
0.0517620000
0.0886700000
4.3677530000
0.0425590000
0.0630240000
3.2824230000
0.0473500000
0.0658600000
3.3282030000
0.0489840000
0.0641490000
3.9381840000
0.0465000000
0.0647320000
3.1612490000
0.0428000000
0.0588890000
3.3215050000
0.0527710000
0.0716940000
3.0956990000
0.0468460000
0.0754620000
3.1599450000
0.0427820000
0.0593270000
3.0962500000
0.0505240000
0.0646330000
3.2367170000
0.0417290000
0.0569000000
3.1865550000
0.0451480000
0.0615590000
3.0428360000
0.0435220000
0.0621100000
3.1262600000
0.0416820000
0.0578780000
3.1612110000
0.0416050000
0.0584890000
3.0497880000
0.0422150000
0.0617110000
3.1017380000
0.0472080000
0.0613580000
3.1705530000
0.0464550000
0.0613940000
3.1231120000
0.0417550000
0.0694650000
3.1489100000
0.0468340000
0.0632770000
3.1306250000
0.0420920000
0.0578000000
3.1006570000
0.0446860000
0.0608680000
3.1125950000
0.0470340000
0.0581330000
3.1329580000
0.0474030000
0.0770290000
3.1454240000
0.0448330000
0.0638770000
3.1412320000
0.0438000000
0.0570370000
3.1584500000
0.0480910000
0.0592410000
3.1154680000
0.0482370000
0.0593710000
3.0806510000
0.0454480000
0.0619180000
3.0318560000
0.0446100000
0.0609350000
3.0921070000
0.0442030000
0.0649770000
3.3800970000
0.0485020000
0.0604750000
3.0740700000
0.0423380000
0.0646070000
3.0489960000
0.0436550000
0.0667660000
3.1409320000
0.0465680000
0.0689000000
3.1137790000
0.0512620000
0.0663770000
3.1514430000
0.0415960000
0.0632850000
3.1252720000
0.0479550000
0.0691810000
3.3661290000
0.0438750000
0.0637920000
3.0620650000
0.0417220000
0.0573390000
3.0428800000
0.0483280000
0.0578840000
3.0644220000
0.0480770000
0.0633080000
3.1076580000
0.0536010000
0.0585580000
3.1689960000
0.0444520000
0.0659080000
3.1185230000
0.0437040000
0.0582850000
3.0850640000
0.0626610000
0.0649540000
3.5449420000
0.0445550000
0.0643570000
3.4203300000
0.0485560000
0.0648800000
3.2988040000
0.0462330000
0.0652900000
3.2733600000
0.0514760000
0.0590500000
3.3179820000
0.0525820000
0.0706060000
3.7895820000
0.0478150000
0.0577790000
3.5520350000
0.0468440000
0.0623180000
3.2380000000
0.0527760000
0.0632800000
3.1577830000
0.0417490000
0.0641560000
3.2909940000
0.0436060000
0.0599890000
3.1494230000
0.0476940000
0.0634750000
3.1457270000
0.0446680000
0.0617400000
3.5468170000
0.0466630000
0.0680840000
3.2455580000
0.0458780000
0.0597860000
3.1706880000
0.0433330000
0.0714450000
3.2433470000
0.0544210000
0.0680160000
3.2140040000
0.0445630000
0.0611390000
3.2577730000
0.0468150000
0.0703860000
6.6842960000
0.0512320000
0.0651530000
3.1828140000
0.0481270000
0.0616270000
3.2986680000
0.0421480000
0.0589970000
3.4999140000
0.0579210000
0.0646820000
3.3033070000
0.0461390000
0.0692010000
3.2703610000
0.0518120000
0.0697240000
3.2930820000
0.0506590000
0.0633570000
3.2249340000
0.0478030000
0.0603720000
3.5875930000
0.0429310000
0.0641050000
3.2477480000
0.0421140000
0.0619760000
3.4209810000
0.0414740000
0.0676700000
3.2314930000
0.0465480000
0.0864670000
3.2239180000
0.0435820000
0.0593220000
3.1388570000
0.0441370000
0.0576840000
3.2957740000
0.0516400000
0.0699780000
4.0016530000
0.0583060000
0.0781270000
3.9455600000
0.0605390000
0.0805470000
3.9749450000
