0.0265800000
0.0289400000
0.0015480000
0.0214750000
0.0300780000
0.0014380000
0.0225280000
0.0380060000
0.0014510000
0.0205760000
0.0311480000
0.0014800000
0.0203940000
0.0282400000
0.0014340000
0.0208930000
0.0269290000
0.0015100000
0.0205750000
0.0274040000
0.0014500000
0.0209440000
0.0277790000
0.0014340000
0.0214940000
0.0273290000
0.0015730000
0.0222720000
0.0310900000
0.0014490000
0.0204260000
0.0273410000
0.0014360000
0.0209620000
0.0277650000
0.0014320000
0.0226510000
0.0280910000
0.0018130000
0.0202270000
0.0292390000
0.0030130000
0.0210870000
0.0302530000
0.0014340000
0.0201070000
0.0277870000
0.0019380000
0.0226770000
0.0289800000
0.0014510000
0.0208980000
0.0282440000
0.0014330000
0.0209940000
0.0286100000
0.0014320000
0.0218370000
0.0285870000
0.0014330000
0.0226400000
0.0287120000
0.0014700000
0.0271650000
0.0301850000
0.0017120000
0.0240460000
0.0279310000
0.0014300000
0.0210950000
0.0296300000
0.0014330000
0.0219490000
0.0280290000
0.0014340000
0.0209300000
0.0269340000
0.0017830000
0.0223890000
0.0336360000
0.0014360000
0.0241600000
0.0315270000
0.0020420000
0.0207940000
0.0286320000
0.0014360000
0.0217340000
0.0291990000
0.0015100000
0.0214090000
0.0284000000
0.0018430000
0.0207800000
0.0278730000
0.0014330000
0.0210320000
0.0288220000
0.0014630000
0.0211730000
0.0281760000
0.0016660000
0.0278930000
0.0278270000
0.0020940000
0.0233670000
0.0289940000
0.0017130000
0.0219270000
0.0313130000
0.0019990000
0.0232290000
0.0294350000
0.0014670000
0.0203480000
0.0272450000
0.0014760000
0.0208980000
0.0274760000
0.0015140000
0.0263940000
0.0274530000
0.0014330000
0.0225120000
0.0283580000
0.0016900000
0.0203790000
0.0273550000
0.0014740000
0.0211460000
0.0320610000
0.0016090000
0.0212870000
0.0284620000
0.0014350000
0.0228820000
0.0326140000
0.0016590000
0.0221290000
0.0295420000
0.0014600000
0.0216020000
0.0275770000
0.0016090000
0.0240670000
0.0322580000
0.0015060000
0.0254000000
0.0338200000
0.0014680000
0.0207130000
0.0277870000
0.0024730000
0.0275800000
0.0320380000
0.0016000000
0.0245280000
0.0338520000
0.0034330000
0.0212600000
0.0302310000
0.0016310000
0.0225860000
0.0283030000
0.0018060000
0.0253900000
0.0345570000
0.0018770000
0.0273900000
0.0335200000
0.0020100000
0.0216030000
0.0324140000
0.0019690000
0.0203330000
0.0288430000
0.0014350000
0.0206070000
0.0292720000
0.0017120000
0.0210730000
0.0310780000
0.0016010000
0.0230200000
0.0274080000
0.0017690000
0.0298660000
0.0267690000
0.0014300000
0.0246010000
0.0352920000
0.0015910000
0.0273650000
0.0274980000
0.0014340000
0.0203410000
0.0268260000
0.0014490000
0.0223260000
0.0299000000
0.0014360000
0.0220620000
0.0276470000
0.0017420000
0.0259420000
0.0284400000
0.0016820000
0.0209190000
0.0277450000
0.0014850000
0.0217850000
0.0275810000
0.0017090000
0.0229240000
0.0309390000
0.0015220000
0.0214430000
0.0269070000
0.0014460000
0.0203470000
0.0276000000
0.0014360000
0.0203150000
0.0270250000
0.0015390000
0.0202170000
0.0298830000
0.0014350000
0.0278580000
0.0276620000
0.0014330000
0.0206200000
0.0352420000
0.0014530000
0.0210710000
0.0278040000
0.0014820000
0.0210470000
0.0272270000
0.0014860000
0.0202830000
0.0285390000
0.0018490000
0.0201170000
0.0269250000
0.0015090000
0.0213230000
0.0272530000
0.0014950000
0.0205190000
0.0283120000
0.0014970000
0.0213860000
0.0276380000
0.0014340000
0.0206050000
0.0284670000
0.0014490000
0.0213780000
0.0320090000
0.0014350000
0.0207000000
0.0278770000
0.0014350000
0.0243360000
0.0273900000
0.0014350000
0.0232400000
0.0290500000
0.0024090000
0.0206370000
0.0277590000
0.0014330000
0.0212600000
0.0293890000
0.0017090000
0.0220990000
0.0307010000
0.0016920000
0.0204120000
0.0312980000
0.0015480000
0.0244360000
0.0393810000
0.0031130000
0.0205460000
0.0277150000
0.0014360000
0.0208780000
0.0273390000
0.0016320000
0.0264830000
0.0279530000
0.0014360000
0.0275840000
0.0296710000
0.0025820000
0.0226530000
0.0298320000
0.0021570000
0.0208410000
0.0329110000
0.0014330000
0.0200570000
0.0335700000
0.0014480000
0.0201800000
0.0268170000
0.0014300000
0.0203370000
0.0377160000
0.0021680000
0.0204260000
0.0277770000
0.0015550000
0.0272750000
0.0270480000
0.0014310000
0.0272690000
0.0267780000
0.0014530000
0.0257430000
0.0268110000
0.0014340000
0.0218130000
0.0268970000
0.0014480000
0.0217170000
0.0285790000
0.0014330000
0.0273380000
0.0341380000
0.0014770000
0.0256080000
0.0271380000
0.0014330000
0.0233630000
0.0309420000
0.0014280000
0.0293700000
0.0266880000
0.0014350000
0.0250950000
0.0288380000
0.0014310000
0.0285550000
0.0291970000
0.0014320000
0.0223090000
0.0267410000
0.0014660000
0.0200520000
0.0266960000
0.0014260000
0.0293890000
0.0269260000
0.0015700000
0.0241290000
0.0271180000
0.0014350000
0.0217530000
0.0310890000
0.0014480000
0.0281190000
0.0335220000
0.0014520000
0.0298950000
0.0294760000
0.0016300000
0.0204570000
0.0370820000
0.0014570000
0.0253280000
0.0330840000
0.0014300000
0.0204890000
0.0353420000
0.0014310000
0.0223380000
0.0268640000
0.0014300000
0.0341080000
0.0280570000
0.0015790000
0.0242290000
0.0268310000
0.0014290000
0.0253760000
0.0329650000
0.0014270000
0.0207500000
0.0275220000
0.0015240000
0.0247820000
0.0331600000
0.0014300000
0.0264080000
0.0399100000
0.0024110000
0.0233350000
0.0348330000
0.0015680000
0.0202510000
0.0272230000
0.0014350000
0.0202520000
0.0267230000
0.0014940000
0.0222120000
0.0268350000
0.0014300000
0.0203740000
0.0268840000
0.0027650000
0.0201430000
0.0267480000
0.0014290000
0.0202330000
0.0321540000
0.0021630000
0.0305550000
0.0301360000
0.0014290000
0.0266480000
0.0271300000
0.0014500000
0.0203060000
0.0267210000
0.0014280000
0.0203040000
0.0267940000
0.0014480000
0.0202560000
0.0266700000
0.0014460000
0.0269600000
0.0266970000
0.0014290000
0.0252340000
0.0267170000
0.0014280000
0.0255410000
0.0275170000
0.0015100000
0.0217160000
0.0270710000
0.0014360000
0.0201580000
0.0329880000
0.0014300000
0.0202990000
0.0266350000
0.0014280000
0.0202830000
0.0272070000
0.0014690000
0.0206740000
0.0267230000
0.0014280000
0.0258270000
0.0299800000
0.0025010000
0.0251960000
0.0294910000
0.0015720000
0.0201590000
0.0267230000
0.0014300000
0.0223090000
0.0271560000
0.0014380000
0.0208780000
0.0331940000
0.0014310000
0.0233220000
0.0300770000
0.0014470000
0.0263450000
0.0283440000
0.0014290000
0.0203990000
0.0360100000
0.0014300000
0.0210800000
0.0329120000
0.0014500000
0.0242780000
0.0307040000
0.0014330000
