0.0212450000
0.0261750000
0.0325190000
0.0211360000
0.0267190000
0.0330550000
0.0216460000
0.0264910000
0.0365960000
0.0209160000
0.0271170000
0.0363660000
0.0221170000
0.0270130000
0.0420800000
0.0255970000
0.0326540000
0.0355100000
0.0208190000
0.0267560000
0.0322690000
0.0207720000
0.0264920000
0.0325330000
0.0238020000
0.0308890000
0.0325390000
0.0211750000
0.0265470000
0.0325560000
0.0336610000
0.0364620000
0.0327740000
0.0251070000
0.0349720000
0.0324440000
0.0279080000
0.0413730000
0.0320990000
0.0256650000
0.0288170000
0.0327870000
0.0222760000
0.0353510000
0.0339790000
0.0212350000
0.0264950000
0.0345890000
0.0222600000
0.0288620000
0.0350480000
0.0218440000
0.0276660000
0.0340050000
0.0216850000
0.0276610000
0.0346270000
0.0229010000
0.0318940000
0.0345090000
0.0221460000
0.0377140000
0.0323470000
0.0224420000
0.0298070000
0.0330440000
0.0219350000
0.0344310000
0.0403350000
0.0237000000
0.0264990000
0.0382900000
0.0260250000
0.0330720000
0.0325350000
0.0224530000
0.0262670000
0.0336130000
0.0215650000
0.0264670000
0.0320080000
0.0208340000
0.0275770000
0.0377320000
0.0211620000
0.0303410000
0.0343570000
0.0234100000
0.0282390000
0.0346860000
0.0215570000
0.0268650000
0.0365040000
0.0211940000
0.0290750000
0.0355670000
0.0231370000
0.0272360000
0.0335300000
0.0217950000
0.0316530000
0.0351430000
0.0233130000
0.0280090000
0.0562070000
0.0214140000
0.0268220000
0.0323660000
0.0236190000
0.0271800000
0.0337660000
0.0236160000
0.0280400000
0.0325250000
0.0230750000
0.0263400000
0.0320950000
0.0219470000
0.0280760000
0.0335310000
0.0208940000
0.0270410000
0.0399880000
0.0212170000
0.0274820000
0.0341360000
0.0248100000
0.0344410000
0.0377270000
0.0210520000
0.0265330000
0.0327370000
0.0216590000
0.0271420000
0.0438170000
0.0276200000
0.0333800000
0.0401470000
0.0242700000
0.0293370000
0.0380920000
0.0329380000
0.0358230000
0.0420750000
0.0249170000
0.0323760000
0.0394840000
0.0285980000
0.0290400000
0.0377730000
0.0218630000
0.0339020000
0.0385790000
0.0259820000
0.0323880000
0.0345060000
0.0295790000
0.0338130000
0.0374630000
0.0219870000
0.0276440000
0.0344670000
0.0228630000
0.0311120000
0.0362440000
0.0281420000
0.0318230000
0.0443430000
0.0238080000
0.0403100000
0.0374170000
0.0266000000
0.0332740000
0.0403600000
0.0235010000
0.0294060000
0.0356320000
0.0247630000
0.0338840000
0.0319450000
0.0238600000
0.0278060000
0.0390220000
0.0211830000
0.0474120000
0.0358370000
0.0210010000
0.0261400000
0.0371040000
0.0255100000
0.0304420000
0.0441600000
0.0366380000
0.0282630000
0.0342940000
0.0230430000
0.0268580000
0.0321690000
0.0209890000
0.0288550000
0.0354000000
0.0215330000
0.0274330000
0.0341800000
0.0215280000
0.0303690000
0.0347760000
0.0220640000
0.0301920000
0.0350720000
0.0223210000
0.0277970000
0.0379280000
0.0214290000
0.0268400000
0.0326340000
0.0208010000
0.0269080000
0.0361750000
0.0233320000
0.0267050000
0.0349710000
0.0214730000
0.0263960000
0.0387290000
0.0212150000
0.0317140000
0.0339730000
0.0215730000
0.0273870000
0.0378480000
0.0232030000
0.0263390000
0.0389550000
0.0232690000
0.0265340000
0.0441070000
0.0207240000
0.0263020000
0.0351420000
0.0210140000
0.0274380000
0.0382970000
0.0214390000
0.0291240000
0.0372500000
0.0223650000
0.0346450000
0.0325050000
0.0207370000
0.0301530000
0.0381180000
0.0209260000
0.0269800000
0.0447810000
0.0243780000
0.0278010000
0.0353860000
0.0207260000
0.0268260000
0.0320750000
0.0210180000
0.0269200000
0.0332510000
0.0221830000
0.0271310000
0.0331680000
0.0219190000
0.0384840000
0.0320090000
0.0250040000
0.0292370000
0.0374290000
0.0238800000
0.0359730000
0.0399170000
0.0277560000
0.0352730000
0.0355490000
0.0216990000
0.0311220000
0.0421710000
0.0243120000
0.0268590000
0.0344880000
0.0273880000
0.0272270000
0.0349190000
0.0244250000
0.0398210000
0.0369750000
0.0268390000
0.0305080000
0.0355140000
0.0213070000
0.0285330000
0.0388590000
0.0266400000
0.0260300000
0.0325400000
0.0235900000
0.0289550000
0.0341500000
0.0224980000
0.0286460000
0.0316490000
0.0228470000
0.0313710000
0.0325560000
0.0206770000
0.0263980000
0.0316600000
0.0209930000
0.0268540000
0.0316500000
0.0243740000
0.0299670000
0.0318570000
0.0209820000
0.0259820000
0.0316090000
0.0241900000
0.0297560000
0.0334780000
0.0227300000
0.0458630000
0.0362290000
0.0234750000
0.0265880000
0.0388220000
0.0206990000
0.0315120000
0.0326860000
0.0238230000
0.0302490000
0.0336520000
0.0256000000
0.0333940000
0.0317700000
0.0207260000
0.0259950000
0.0317840000
0.0237680000
0.0261130000
0.0417340000
0.0207010000
0.0260960000
0.0402620000
0.0231940000
0.0321750000
0.0317770000
0.0236700000
0.0321540000
0.0332810000
0.0208960000
0.0267280000
0.0320910000
0.0221830000
0.0270350000
0.0325990000
0.0251490000
0.0272610000
0.0459930000
0.0219960000
0.0278020000
0.0328280000
0.0208370000
0.0285470000
0.0314080000
0.0215490000
0.0312650000
0.0314370000
0.0245630000
0.0333270000
0.0324300000
0.0325390000
0.0460480000
0.0476960000
0.0217740000
0.0279460000
0.0330550000
0.0204980000
0.0311200000
0.0369890000
0.0271150000
0.0322960000
0.0316630000
0.0225480000
0.0277560000
0.0340720000
0.0206020000
0.0354810000
0.0316670000
0.0206430000
0.0323830000
0.0322610000
0.0227090000
0.0323530000
0.0377790000
0.0204890000
0.0291460000
0.0316470000
0.0244990000
0.0260180000
0.0314710000
0.0205170000
0.0261150000
0.0314170000
0.0206320000
0.0259300000
0.0416670000
0.0206800000
0.0260510000
0.0378580000
0.0212300000
0.0280860000
0.0322110000
0.0260000000
0.0325790000
0.0379130000
0.0205020000
0.0262170000
0.0316030000
0.0205910000
0.0260570000
0.0382320000
0.0209050000
0.0319690000
0.0355050000
0.0267420000
0.0262250000
0.0314990000
0.0206630000
0.0261100000
0.0345180000
0.0276430000
0.0323000000
0.0333240000
0.0223420000
0.0310040000
0.0316940000
0.0248210000
0.0323620000
0.0315700000
0.0241200000
0.0262670000
0.0377150000
0.0242740000
0.0260250000
0.0313700000
0.0212750000
0.0260830000
0.0317010000
0.0262650000
0.0293860000
0.0380730000
0.0283310000
0.0290280000
0.0366620000
0.0234470000
0.0313590000
0.0373160000
0.0212130000
0.0261380000
0.0353190000
0.0242070000
0.0260130000
0.0324900000
0.0206380000
0.0273490000
0.0320350000
0.0291870000
0.0328810000
0.0324740000
0.0247680000
0.0261330000
0.0370770000
0.0228410000
0.0282350000
0.0336890000
0.0270200000
0.0260070000
0.0375050000
0.0246510000
0.0316000000
0.0377790000
