0.0299790000
0.0417360000
0.3181600000
0.0423080000
0.0412610000
0.3256670000
0.0298520000
0.0408290000
0.3081300000
0.0299830000
0.0470870000
0.3011270000
0.0329760000
0.0407980000
0.3068580000
0.0352760000
0.0431880000
0.3062800000
0.0318690000
0.0426330000
0.3179790000
0.0330220000
0.0448110000
0.3713540000
0.0361670000
0.0442790000
0.3993900000
0.0357020000
0.0406590000
0.3383510000
0.0361790000
0.0410930000
0.3182820000
0.0346670000
0.0470880000
0.3202890000
0.0370050000
0.0547200000
0.3125570000
0.0303080000
0.0411270000
0.3414240000
0.0301280000
0.0411350000
0.3066630000
0.0306450000
0.0406900000
0.2981220000
0.0366930000
0.0428220000
0.3136530000
0.0321970000
0.0434220000
0.3687900000
0.0314810000
0.0434850000
0.3183510000
0.0300500000
0.0470930000
0.3572820000
0.0331900000
0.0455640000
0.3034140000
0.0304350000
0.0592210000
0.3316630000
0.0304700000
0.0470680000
0.3066890000
0.0322430000
0.0579640000
0.3051430000
0.0332210000
0.0415490000
0.3169500000
0.0368580000
0.0474310000
0.3353850000
0.0330640000
0.0473120000
0.3113990000
0.0377490000
0.0483660000
0.3029830000
0.0330130000
0.0500570000
0.2941060000
0.0339670000
0.0462400000
0.3487510000
0.0404100000
0.0542400000
0.3257270000
0.0312200000
0.0510930000
0.3383170000
0.0313130000
0.0459390000
0.3239060000
0.0327970000
0.0427310000
0.3408670000
0.0392670000
0.0503730000
0.3400030000
0.0305170000
0.0596470000
0.3510460000
0.0306910000
0.0522060000
0.3563070000
0.0465850000
0.0537310000
0.3244800000
0.0312530000
0.0435660000
0.3467570000
0.0310410000
0.0443550000
0.3279570000
0.0314560000
0.0484890000
0.3518370000
0.0341760000
0.0643770000
0.3251280000
0.0470630000
0.0520360000
0.3664530000
0.0339200000
0.0457970000
0.3413570000
0.0351460000
0.0478480000
0.3149150000
0.0318210000
0.0548240000
0.3388930000
0.0308410000
0.0474530000
0.3415400000
0.0337890000
0.0425450000
0.3584950000
0.0323190000
0.0421870000
0.3176500000
0.0354240000
0.0622590000
0.3461270000
0.0346100000
0.0439080000
0.3444750000
0.0371210000
0.0504560000
0.3340830000
0.0455960000
0.0649140000
0.3465940000
0.0322660000
0.0440680000
0.3179950000
0.0335980000
0.0472220000
0.3302940000
0.0379430000
0.0437030000
0.3223510000
0.0337470000
0.0468520000
0.3467680000
0.0385520000
0.0475270000
0.3367110000
0.0334920000
0.0501150000
0.3382860000
0.0319370000
0.0479640000
0.3348350000
0.0352080000
0.0477020000
0.3441140000
0.0313710000
0.0462590000
0.3243120000
0.0312100000
0.0449620000
0.3435130000
0.0387300000
0.0568600000
0.3637860000
0.0343250000
0.0460330000
0.3523190000
0.0339220000
0.0476620000
0.3594620000
0.0318400000
0.0504910000
0.3217210000
0.0325170000
0.0480110000
0.3390880000
0.0318230000
0.0441620000
0.3305630000
0.0323850000
0.0688980000
0.3296410000
0.0382630000
0.0449790000
0.3202720000
0.0350610000
0.0433270000
0.3145130000
0.0342170000
0.0440550000
0.3330800000
0.0334040000
0.0535900000
0.3400080000
0.0306410000
0.0416890000
0.3320040000
0.0332380000
0.0435680000
0.3428530000
0.0360870000
0.0604760000
0.3315320000
0.0373170000
0.0422670000
0.3286550000
0.0314520000
0.0422020000
0.3299240000
0.0366450000
0.0512640000
0.3254540000
0.0342400000
0.0475980000
0.3311930000
0.0326170000
0.0498180000
0.3238610000
0.0325540000
0.0488430000
0.3641280000
0.0376320000
0.0514780000
0.3147970000
0.0333370000
0.0416610000
0.3082370000
0.0360200000
0.0415650000
0.3303970000
0.0309380000
0.0419820000
0.3506330000
0.0379780000
0.0462350000
0.3379460000
0.0328830000
0.0498480000
0.3253280000
0.0316380000
0.0604180000
0.3412400000
0.0328130000
0.0486130000
0.3239340000
0.0306950000
0.0568130000
0.4347660000
0.0403460000
0.0617480000
0.3896890000
0.0429770000
0.0415640000
0.3170190000
0.0363120000
0.0620990000
0.3222030000
0.0308260000
0.0439830000
0.3203970000
0.0339290000
0.0424330000
0.3053160000
0.0305530000
0.0407250000
0.3214240000
0.0312810000
0.0422170000
0.3082060000
0.0322060000
0.0428350000
0.3153360000
0.0304000000
0.0441910000
0.3424460000
0.0337260000
0.0450070000
0.3296190000
0.0420950000
0.0408130000
0.3297710000
0.0394890000
0.0444870000
0.3398990000
0.0301560000
0.0407940000
0.3391450000
0.0322770000
0.0496630000
0.3291220000
0.0399840000
0.0477040000
0.4058130000
0.0400540000
0.0523880000
0.3656390000
0.0301750000
0.0429910000
0.3302930000
0.0339010000
0.0570960000
0.3152810000
0.0300270000
0.0419980000
0.3192690000
0.0323180000
0.0428370000
0.2979200000
0.0305330000
0.0412820000
0.2991000000
0.0305610000
0.0422830000
0.3043540000
0.0299380000
0.0501800000
0.3061470000
0.0299800000
0.0407710000
0.3044450000
0.0361680000
0.0407180000
0.3098960000
0.0301230000
0.0407530000
0.3055590000
