0.0108800000
0.0103440000
0.0083730000
0.0112080000
0.0093550000
0.0081260000
0.0132100000
0.0111850000
0.0084840000
0.0112730000
0.0093020000
0.0088990000
0.0130510000
0.0098060000
0.0101520000
0.0172060000
0.0114720000
0.0085410000
0.0117040000
0.0116110000
0.0093990000
0.0109640000
0.0092480000
0.0081030000
0.0109370000
0.0092640000
0.0082040000
0.0142260000
0.0095630000
0.0081500000
0.0111900000
0.0104610000
0.0081950000
0.0114280000
0.0092990000
0.0082480000
0.0113740000
0.0094670000
0.0089030000
0.0108520000
0.0093420000
0.0081820000
0.0108600000
0.0093840000
0.0083090000
0.0118610000
0.0092920000
0.0082140000
0.0114910000
0.0095100000
0.0081250000
0.0108680000
0.0093040000
0.0082130000
0.0110150000
0.0093010000
0.0139310000
0.0170240000
0.0092980000
0.0082600000
0.0133330000
0.0127780000
0.0111390000
0.0119490000
0.0100630000
0.0081340000
0.0111550000
0.0093170000
0.0081120000
0.0109870000
0.0094680000
0.0081120000
0.0164190000
0.0111810000
0.0080880000
0.0148500000
0.0103190000
0.0080880000
0.0171930000
0.0093250000
0.0081940000
0.0194060000
0.0092660000
0.0080890000
0.0144620000
0.0092530000
0.0080860000
0.0129890000
0.0092620000
0.0082700000
0.0109490000
0.0092730000
0.0081410000
0.0108440000
0.0092690000
0.0082840000
0.0108490000
0.0119220000
0.0119200000
0.0123540000
0.0093620000
0.0081680000
0.0119220000
0.0109470000
0.0081890000
0.0187890000
0.0099260000
0.0082220000
0.0109140000
0.0092790000
0.0125940000
0.0108730000
0.0096470000
0.0101910000
0.0108470000
0.0099240000
0.0081900000
0.0116780000
0.0092820000
0.0080870000
0.0125090000
0.0136050000
0.0082030000
0.0157000000
0.0092870000
0.0081330000
0.0124200000
0.0099090000
0.0082450000
0.0124530000
0.0161210000
0.0138800000
0.0156700000
0.0092700000
0.0083230000
0.0111160000
0.0093410000
0.0081120000
0.0109000000
0.0092580000
0.0083520000
0.0121020000
0.0093380000
0.0081790000
0.0147100000
0.0129210000
0.0081300000
0.0108600000
0.0092660000
0.0091000000
0.0111430000
0.0096330000
0.0082110000
0.0128000000
0.0092490000
0.0081180000
0.0109670000
0.0106300000
0.0124510000
0.0108470000
0.0092730000
0.0081190000
0.0166810000
0.0133790000
0.0131410000
0.0125770000
0.0106590000
0.0103070000
0.0113820000
0.0094560000
0.0082820000
0.0111170000
0.0096360000
0.0083010000
0.0109080000
0.0156410000
0.0092700000
0.0116790000
0.0111900000
0.0081320000
0.0112250000
0.0093730000
0.0083260000
0.0115100000
0.0093020000
0.0086380000
0.0109210000
0.0093890000
0.0082890000
0.0119480000
0.0094900000
0.0083080000
0.0109930000
0.0093310000
0.0081330000
0.0110300000
0.0102460000
0.0086080000
0.0117020000
0.0102080000
0.0091000000
0.0108850000
0.0106340000
0.0085400000
0.0112740000
0.0098020000
0.0082240000
0.0112970000
0.0096670000
0.0086550000
0.0132490000
0.0095230000
0.0083590000
0.0115120000
0.0099430000
0.0105470000
0.0165070000
0.0112330000
0.0091730000
0.0110360000
0.0123230000
0.0111260000
0.0144740000
0.0106670000
0.0087160000
0.0115000000
0.0094400000
0.0089740000
0.0119440000
0.0093380000
0.0086980000
0.0109430000
0.0153050000
0.0086620000
0.0123110000
0.0096440000
0.0109960000
0.0121960000
0.0094190000
0.0081140000
0.0110280000
0.0094050000
0.0093140000
0.0134450000
0.0118890000
0.0177260000
0.0109080000
0.0094450000
0.0081730000
0.0111720000
0.0093680000
0.0084150000
0.0121580000
0.0108690000
0.0080930000
0.0108430000
0.0093730000
0.0084200000
0.0112560000
0.0099940000
0.0088320000
0.0173090000
0.0157650000
0.0080890000
0.0118180000
0.0101780000
0.0090070000
0.0115720000
0.0094510000
0.0082000000
0.0113120000
0.0092910000
0.0086410000
0.0111040000
0.0093020000
0.0096660000
0.0115720000
0.0095450000
0.0084310000
0.0110030000
0.0095730000
0.0081780000
0.0110710000
0.0095990000
0.0081530000
0.0157950000
0.0108320000
0.0081280000
0.0148460000
0.0098400000
0.0081350000
0.0110970000
0.0096670000
0.0080990000
0.0108450000
0.0108390000
0.0081800000
0.0154880000
0.0094330000
0.0083180000
0.0108930000
0.0106330000
0.0084860000
0.0113050000
0.0115020000
0.0080780000
0.0110990000
0.0117800000
0.0082640000
0.0111240000
0.0094740000
0.0083670000
0.0111370000
0.0094950000
0.0088590000
0.0112020000
0.0097850000
0.0086250000
0.0109320000
0.0095300000
0.0082940000
0.0123720000
0.0116620000
0.0089460000
0.0113810000
0.0092510000
0.0082940000
0.0115950000
0.0097020000
0.0088170000
0.0121550000
0.0124180000
0.0084030000
0.0112680000
0.0096250000
0.0088000000
0.0127320000
0.0102380000
0.0084380000
0.0130320000
0.0097200000
0.0102420000
0.0119910000
0.0099970000
0.0087390000
0.0111130000
0.0101210000
0.0082000000
0.0115340000
0.0094470000
0.0081520000
0.0110460000
0.0098500000
0.0083760000
0.0148700000
0.0096340000
0.0081260000
0.0108990000
0.0166390000
0.0170680000
0.0118000000
0.0093040000
0.0085580000
0.0121250000
0.0094420000
0.0081740000
0.0113630000
0.0093950000
0.0124510000
0.0118770000
0.0092840000
0.0082480000
0.0184670000
0.0115990000
0.0082530000
0.0108420000
0.0114800000
0.0122780000
0.0108770000
0.0094620000
0.0085200000
0.0113200000
0.0094700000
0.0082350000
0.0118320000
0.0094720000
0.0083050000
0.0111140000
0.0106910000
0.0098660000
0.0125660000
0.0099690000
0.0081750000
0.0108520000
0.0095440000
0.0119000000
0.0110040000
0.0114170000
0.0094720000
0.0121820000
0.0098650000
0.0082180000
0.0112930000
0.0099680000
0.0086290000
0.0114430000
0.0094720000
0.0083390000
0.0235970000
0.0129970000
0.0082770000
0.0111620000
0.0096860000
0.0082700000
0.0123090000
0.0100210000
0.0086850000
0.0122440000
0.0095730000
0.0102720000
0.0114350000
0.0104140000
0.0084600000
0.0111270000
0.0094330000
0.0086130000
0.0114700000
0.0103700000
0.0117200000
0.0111430000
0.0113270000
0.0127970000
0.0109190000
0.0167310000
0.0106960000
0.0109110000
0.0092670000
0.0083120000
0.0111370000
0.0094210000
0.0082610000
0.0110200000
0.0093590000
0.0081060000
0.0148960000
0.0096840000
0.0081740000
0.0110540000
0.0108410000
0.0081520000
0.0115560000
0.0096970000
0.0087160000
0.0122600000
0.0097190000
0.0083510000
0.0114330000
0.0100930000
0.0111150000
0.0124770000
0.0102190000
0.0084140000
0.0115160000
0.0097810000
0.0086140000
0.0156520000
0.0100210000
0.0082600000
0.0111000000
0.0099790000
0.0089220000
0.0119950000
0.0104360000
0.0083660000
0.0112270000
0.0100270000
0.0085620000
0.0125050000
0.0092970000
0.0084340000
0.0111550000
0.0100980000
0.0095770000
0.0110210000
0.0095490000
0.0082030000
0.0108440000
0.0092710000
0.0082460000
0.0110100000
0.0094970000
0.0082680000
0.0109400000
0.0094150000
0.0084040000
0.0112800000
0.0092700000
0.0082190000
0.0108720000
0.0093980000
0.0084110000
0.0113100000
0.0092900000
0.0083990000
0.0132780000
0.0094610000
0.0083830000
0.0120900000
0.0104820000
0.0096270000
0.0123920000
0.0097240000
0.0081920000
0.0111880000
0.0096830000
0.0082270000
0.0118340000
0.0096020000
0.0088280000
0.0121140000
0.0099400000
0.0084270000
0.0122490000
0.0093960000
0.0087010000
0.0116920000
0.0099940000
0.0084770000
0.0115350000
0.0096930000
0.0088160000
0.0110700000
0.0097640000
0.0083120000
0.0145490000
0.0100470000
0.0083670000
0.0109410000
0.0108160000
0.0083480000
0.0116540000
0.0095990000
0.0088430000
0.0113410000
0.0093560000
0.0081680000
0.0166870000
0.0099340000
0.0085220000
0.0162050000
0.0122520000
0.0132920000
0.0145870000
0.0112670000
0.0101530000
0.0142180000
0.0120040000
0.0104560000
0.0134730000
0.0124070000
0.0096460000
0.0134870000
0.0103070000
0.0103610000
0.0110130000
0.0129970000
0.0160770000
0.0113860000
0.0098810000
0.0082090000
0.0196670000
0.0191690000
0.0095110000
0.0111310000
0.0100400000
0.0082450000
0.0124960000
0.0093090000
0.0084310000
0.0117180000
0.0094140000
0.0098870000
0.0116990000
0.0094750000
0.0082400000
0.0112970000
0.0100240000
0.0093220000
0.0112080000
0.0092640000
0.0080630000
0.0115660000
0.0104900000
0.0092480000
0.0111990000
0.0092880000
0.0082140000
0.0108930000
0.0092720000
0.0084730000
