0.1406890000
0.1763430000
0.1432160000
0.1725950000
0.1323470000
0.1649610000
0.1361520000
0.1760020000
0.1505800000
0.1875390000
0.1374770000
0.1744500000
0.1304170000
0.1714590000
0.1300970000
0.1737570000
0.1257750000
0.1943800000
0.1324350000
0.1874130000
0.1365510000
0.1765720000
0.1335820000
0.1756770000
0.1287920000
0.1773010000
0.1366470000
0.1900160000
0.1445930000
0.1767070000
0.1258140000
0.1773160000
0.1426090000
0.1841190000
0.1360830000
0.1704230000
0.1322430000
0.1686560000
0.1289470000
0.1769240000
0.1498450000
0.1747590000
0.1390030000
0.1830970000
0.1286950000
0.1777310000
0.1312840000
0.1797800000
0.1324140000
0.1708310000
0.1355490000
0.1838490000
0.1311630000
0.1654150000
0.1285570000
0.1822850000
0.1382260000
0.1824090000
0.1297220000
0.1836690000
0.1508660000
0.1905230000
0.1727840000
0.2268350000
0.1345840000
0.1696410000
0.1346750000
0.1690710000
0.1279590000
0.1720960000
0.1303740000
0.1798400000
0.1362590000
0.1699870000
0.1368840000
0.1713800000
0.1294530000
0.1694400000
0.1296720000
0.1714580000
0.1347930000
0.1629600000
0.1374760000
0.1987000000
0.1356550000
0.1756950000
0.1336890000
0.1725650000
0.1284710000
0.1669230000
0.1347580000
0.1715730000
0.1267740000
0.1759610000
0.1334480000
0.1682250000
0.1280120000
0.1702920000
0.1305470000
0.1810120000
0.1242580000
0.1772510000
0.1243750000
0.1799520000
0.1290520000
0.1900860000
0.1382710000
0.1807810000
0.1292230000
0.1812650000
0.1279570000
0.1896730000
0.1253120000
0.1764850000
0.1268650000
0.1699290000
0.1275930000
0.1727050000
0.1243470000
0.1671620000
0.1260410000
0.1789070000
0.1378540000
0.1697680000
0.1248320000
0.1848610000
0.1381170000
0.1840290000
0.1254800000
0.1786810000
0.1409790000
0.1890190000
0.1244360000
0.1791530000
0.1321040000
0.1678750000
0.1321610000
0.1883520000
0.1391710000
0.1706770000
0.1295230000
0.1770370000
0.1329450000
0.1771020000
0.1363760000
0.1776740000
0.1291400000
0.1730710000
0.1305600000
0.2043440000
0.2393810000
0.2276390000
0.2523480000
0.2509290000
0.1491440000
0.1972950000
0.1885510000
0.2026080000
0.1698430000
0.7052440000
0.1908190000
0.2623300000
0.1529000000
0.1886170000
0.1427850000
0.1989120000
0.1387700000
0.2011720000
0.1651070000
0.1847120000
0.1332160000
0.1854340000
0.2614670000
0.2072980000
0.1447410000
0.1954740000
0.1452380000
0.1820570000
0.1415170000
0.1798160000
0.1362800000
0.2499420000
0.1596690000
0.1920520000
0.1526370000
0.2136420000
0.1565220000
0.1853680000
0.1635610000
0.1930960000
0.1532510000
0.2139860000
0.1597100000
0.2003690000
0.1563630000
0.1823720000
0.1456150000
0.2065890000
0.1314810000
0.1889550000
