0.0357010000
0.0422250000
0.0014840000
0.0288620000
0.0418290000
0.0014350000
0.0400370000
0.0475210000
0.0021140000
0.0380260000
0.0426570000
0.0014370000
0.0286780000
0.0456570000
0.0029760000
0.0342670000
0.0420520000
0.0014560000
0.0288170000
0.0400670000
0.0014970000
0.0358050000
0.0434040000
0.0014520000
0.0293980000
0.1132380000
0.0021100000
0.0366260000
0.0402130000
0.0014350000
0.0346100000
0.0395410000
0.0014930000
0.0327510000
0.0400610000
0.0014810000
0.0384650000
0.0521170000
0.0022800000
0.0306910000
0.0420240000
0.0030090000
0.0287010000
0.0398010000
0.0015810000
0.0327860000
0.0492520000
0.0028160000
0.0325540000
0.0396820000
0.0014400000
0.0337470000
0.0430310000
0.0020560000
0.0292490000
0.0395640000
0.0014330000
0.0327460000
0.0414530000
0.0014420000
0.0352980000
0.0395860000
0.0014380000
0.0368770000
0.0440400000
0.0020040000
0.0309460000
0.0406730000
0.0014940000
0.0315920000
0.0417850000
0.0014480000
0.0313540000
0.0423810000
0.0017010000
0.0285030000
0.0409640000
0.0021120000
0.0289150000
0.0396150000
0.0015350000
0.0338040000
0.0455130000
0.0017570000
0.0282940000
0.0398520000
0.0014950000
0.0336520000
0.0459770000
0.0014320000
0.0299540000
0.0446650000
0.0014610000
0.0382400000
0.0542830000
0.0019060000
0.0296630000
0.0425140000
0.0019060000
0.0404780000
0.0435250000
0.0014470000
0.0391350000
0.0448790000
0.0015050000
0.0346320000
0.0482690000
0.0014580000
0.0327070000
0.0474170000
0.0014400000
0.0289550000
0.0488570000
0.0014380000
0.0288510000
0.0476440000
0.0015080000
0.0409400000
0.0523820000
0.0014470000
0.0405480000
0.0454650000
0.0014730000
0.0290770000
0.0474560000
0.0014390000
0.0316740000
0.0402110000
0.0020120000
0.0352430000
0.0504390000
0.0015240000
0.0346810000
0.0406100000
0.0014920000
0.0348140000
0.0414970000
0.0014860000
0.0293560000
0.0498730000
0.0014420000
0.0340910000
0.0435810000
0.0014620000
0.0344780000
0.0449950000
0.0014810000
0.0295500000
0.0432740000
0.0016870000
0.0358070000
0.0566520000
0.0030660000
0.0288860000
0.0411890000
0.0014330000
0.0406240000
0.0500770000
0.0015570000
0.0365030000
0.0460530000
0.0018100000
0.0383370000
0.0537540000
0.0014530000
0.0444660000
0.0421300000
0.0015020000
0.0287350000
0.0483780000
0.0016260000
0.0403070000
0.0472320000
0.0019700000
0.0355520000
0.0421770000
0.0014500000
0.0308460000
0.0449660000
0.0014350000
0.0324770000
0.0445500000
0.0014400000
0.0353820000
0.0426390000
0.0022310000
0.0346870000
0.0489300000
0.0016440000
0.0320940000
0.0593550000
0.0016910000
0.0317960000
0.0447460000
0.0014570000
0.0373410000
0.0476310000
0.0014380000
0.0357430000
0.0423510000
0.0020050000
0.0327920000
0.0454100000
0.0014810000
0.0294190000
0.0423900000
0.0015970000
0.0312300000
0.0415020000
0.0014390000
0.0334950000
0.0496850000
0.0015010000
0.0305830000
0.0551110000
0.0019500000
0.0464190000
0.0440060000
0.0022220000
0.0325200000
0.0471040000
0.0022030000
0.0330220000
0.0489180000
0.0014760000
0.0292440000
0.0409630000
0.0019450000
0.0466880000
0.0486890000
0.0015550000
0.0292160000
0.0404730000
0.0014420000
0.0322160000
0.0439580000
0.0016400000
0.0303080000
0.0466160000
0.0014380000
0.0299620000
0.0416310000
0.0014640000
0.0287880000
0.0496610000
0.0014390000
0.0325560000
0.0409690000
0.0014350000
0.0297780000
0.0468890000
0.0014390000
0.0320630000
0.0426290000
0.0020370000
0.0351870000
0.0437160000
0.0014940000
0.0325410000
0.0489860000
0.0014350000
0.0315670000
0.0465450000
0.0014500000
0.0291730000
0.0455810000
0.0015260000
0.0302590000
0.0398910000
0.0014680000
0.0307570000
0.0448940000
0.0015040000
0.0356830000
0.0538150000
0.0025060000
0.0296490000
0.0537760000
0.0019580000
0.0351970000
0.0558320000
0.0017880000
0.0313210000
0.0463960000
0.0014940000
0.0321540000
0.0470680000
0.0014410000
0.0289750000
0.0417970000
0.0014750000
0.0310790000
0.0444710000
0.0028830000
0.0339310000
0.0468640000
0.0014380000
0.0299920000
0.0440600000
0.0014510000
0.0326760000
0.0461610000
0.0014330000
0.0353860000
0.0409150000
0.0014390000
0.0339350000
0.0461680000
0.0014520000
0.0282930000
0.0412100000
0.0018890000
0.0338610000
0.0465870000
0.0029760000
0.0283480000
0.0405900000
0.0014430000
0.0294230000
0.0412790000
0.0014880000
0.0317010000
0.0417360000
0.0014360000
0.0309910000
0.0477110000
0.0015590000
0.0366280000
0.0459860000
0.0014370000
0.0312580000
0.0414810000
0.0015280000
0.0282760000
0.0516300000
0.0018790000
0.0284180000
0.0445520000
0.0014740000
0.0293710000
0.0401590000
0.0014410000
0.0307980000
0.0405490000
0.0014470000
0.0285010000
0.0457900000
0.0014300000
0.0345880000
0.0395580000
0.0014310000
0.0283280000
0.0508300000
0.0024170000
0.0286450000
0.0406550000
0.0015030000
