0.1253330000
0.1750750000
0.1343030000
0.1698450000
0.1351820000
0.1654890000
0.1511830000
0.1974530000
0.1293550000
0.1628910000
0.1442410000
0.1681170000
0.1406520000
0.1736190000
0.1290540000
0.1624700000
0.1399430000
0.1765980000
0.1441090000
0.1704480000
0.1285520000
0.1735920000
0.1245860000
0.1856520000
0.1349100000
0.1881630000
0.1335370000
0.1807910000
0.1393250000
0.1653630000
0.1346990000
0.1731420000
0.1455950000
0.1688410000
0.1288520000
0.1683480000
0.1302890000
0.1776010000
0.1261620000
0.1853460000
0.1281620000
0.1795230000
0.1369050000
0.1640650000
0.1280620000
0.1724830000
0.1466810000
0.1675750000
0.1294840000
0.1756760000
0.1347580000
0.1748240000
0.1347040000
0.1715700000
0.1336540000
0.1707920000
0.1306180000
0.1700330000
0.1294510000
0.1782770000
0.1349950000
0.1876830000
0.1599080000
0.1847160000
0.1217450000
0.1758860000
0.1289820000
0.1614880000
0.1399320000
0.1622220000
0.1286130000
0.1632310000
0.1353800000
0.1732930000
0.1276500000
0.1610510000
0.1283590000
0.1807800000
0.1354460000
0.1652150000
0.1320570000
0.1674590000
0.1328350000
0.1584700000
0.1280830000
0.1557530000
0.1217320000
0.1621500000
0.1278140000
0.1609470000
0.1355330000
0.1685270000
0.1249530000
0.1786770000
0.1384080000
0.1672010000
0.1255060000
0.1618080000
0.1217430000
0.1624790000
0.1291880000
0.1620450000
0.1285480000
0.1672960000
0.1218310000
0.1639700000
0.1233650000
0.1752360000
0.1355580000
0.1705570000
0.1292970000
0.1626620000
0.1291920000
0.1746960000
0.1255800000
0.1657870000
0.1288600000
0.1682520000
0.1262160000
0.1674810000
0.1364530000
0.1635660000
0.1296460000
0.1696580000
0.1371590000
0.1622480000
0.1300540000
0.1675440000
0.1337900000
0.1671790000
0.1317830000
0.1668100000
0.1296820000
0.1744750000
0.1399400000
0.1693040000
0.1343590000
0.1619430000
0.1358780000
0.1619250000
0.1316820000
0.1690590000
0.1257230000
0.1822110000
0.1400620000
0.1669490000
0.1246010000
0.1601520000
0.2190360000
0.2200990000
0.1937470000
0.1982790000
0.1661120000
0.2163700000
0.1429170000
0.1758510000
0.1432760000
0.2765230000
0.3833240000
0.3027830000
0.1476850000
0.1770400000
0.1554190000
0.2028750000
0.1382350000
0.1746330000
0.1550730000
0.1894940000
0.1566500000
0.1861830000
0.1398550000
0.1769090000
0.1604480000
0.2504910000
0.1380610000
0.1748110000
0.1380490000
0.1768870000
0.1382570000
0.1694630000
0.1433370000
0.1875500000
0.1443290000
0.1906200000
0.1459850000
0.1850860000
0.1383700000
0.1725300000
0.1908250000
0.2104490000
0.1724370000
0.1951160000
0.1427710000
0.1660680000
0.1539800000
0.1810570000
0.1563120000
0.2013760000
0.1504280000
0.1712350000
