0.0134440000
0.0148490000
0.0014320000
0.0115360000
0.0145690000
0.0014280000
0.0152870000
0.0146760000
0.0014450000
0.0116770000
0.0147160000
0.0015600000
0.0115050000
0.0146160000
0.0014450000
0.0115610000
0.0144940000
0.0014270000
0.0123420000
0.0146590000
0.0014460000
0.0122180000
0.0146400000
0.0014420000
0.0168170000
0.0153930000
0.0014420000
0.0119080000
0.0162980000
0.0014280000
0.0114860000
0.0145490000
0.0014290000
0.0115320000
0.0146860000
0.0015320000
0.0175150000
0.0145550000
0.0014410000
0.0169710000
0.0146470000
0.0014530000
0.0153570000
0.0145540000
0.0014330000
0.0118990000
0.0146060000
0.0014300000
0.0115580000
0.0148100000
0.0024540000
0.0114460000
0.0153640000
0.0014320000
0.0114560000
0.0144750000
0.0014490000
0.0122780000
0.0231220000
0.0026160000
0.0115400000
0.0147420000
0.0014460000
0.0118560000
0.0146230000
0.0014410000
0.0124460000
0.0144720000
0.0014270000
0.0208970000
0.0145120000
0.0014660000
0.0169320000
0.0187480000
0.0014530000
0.0169820000
0.0144740000
0.0014280000
0.0145170000
0.0207970000
0.0014290000
0.0129280000
0.0146130000
0.0014430000
0.0173340000
0.0147570000
0.0014410000
0.0116630000
0.0192680000
0.0029690000
0.0114750000
0.0148920000
0.0014740000
0.0114840000
0.0209870000
0.0014640000
0.0158560000
0.0165590000
0.0014490000
0.0247200000
0.0219430000
0.0015120000
0.0120110000
0.0147420000
0.0014310000
0.0171590000
0.0163900000
0.0014300000
0.0118820000
0.0146750000
0.0014460000
0.0128830000
0.0145780000
0.0014290000
0.0146290000
0.0211120000
0.0014300000
0.0124450000
0.0144710000
0.0014280000
0.0122920000
0.0146910000
0.0026150000
0.0115940000
0.0144790000
0.0014480000
0.0115230000
0.0145890000
0.0014340000
0.0114850000
0.0145370000
0.0014280000
0.0117390000
0.0146570000
0.0014440000
0.0115700000
0.0146110000
0.0014410000
0.0162850000
0.0146240000
0.0014300000
0.0135860000
0.0144860000
0.0014330000
0.0123850000
0.0145980000
0.0014440000
0.0117540000
0.0145570000
0.0014490000
0.0175220000
0.0144930000
0.0014280000
0.0170670000
0.0164770000
0.0014750000
0.0120290000
0.0205590000
0.0014470000
0.0124840000
0.0172530000
0.0018840000
0.0141890000
0.0184350000
0.0016800000
0.0124970000
0.0162000000
0.0015590000
0.0116430000
0.0219580000
0.0014330000
0.0116180000
0.0150340000
0.0015540000
0.0144610000
0.0156700000
0.0019520000
0.0118320000
0.0145670000
0.0016070000
0.0138510000
0.0149670000
0.0014760000
0.0119800000
0.0147400000
0.0014480000
0.0125050000
0.0152070000
0.0016440000
0.0142500000
0.0147460000
0.0014420000
0.0140390000
0.0196900000
0.0015090000
0.0126810000
0.0154000000
0.0014520000
0.0147800000
0.0165180000
0.0014320000
0.0191610000
0.0147610000
0.0014440000
0.0129500000
0.0153070000
0.0015100000
0.0138410000
0.0156540000
0.0014300000
0.0240450000
0.0156330000
0.0015940000
0.0125160000
0.0173440000
0.0015630000
0.0130250000
0.0175820000
0.0014300000
0.0136110000
0.0175840000
0.0014510000
0.0118190000
0.0148080000
0.0016880000
0.0142400000
0.0206870000
0.0016200000
0.0116280000
0.0160740000
0.0017400000
0.0127510000
0.0259610000
0.0015150000
0.0152610000
0.0148320000
0.0016060000
0.0122730000
0.0183710000
0.0014320000
0.0132790000
0.0148040000
0.0016050000
0.0121520000
0.0149810000
0.0014320000
0.0199450000
0.0190990000
0.0014480000
0.0130900000
0.0154270000
0.0014600000
0.0121350000
0.0146070000
0.0014290000
0.0123100000
0.0166320000
0.0014340000
0.0131370000
0.0151310000
0.0014450000
0.0121620000
0.0158350000
0.0014930000
0.0120420000
0.0151600000
0.0014520000
0.0118730000
0.0156730000
0.0014480000
0.0119090000
0.0150360000
0.0014510000
0.0115420000
0.0153990000
0.0016970000
0.0123040000
0.0146010000
0.0014490000
0.0130730000
0.0153710000
0.0014540000
0.0126410000
0.0212190000
0.0030150000
0.0127460000
0.0150450000
0.0019560000
0.0137160000
0.0167450000
0.0014610000
0.0128490000
0.0152390000
0.0014360000
0.0117530000
0.0148050000
0.0014540000
0.0116250000
0.0151480000
0.0014530000
0.0125550000
0.0154990000
0.0014920000
0.0116560000
0.0159040000
0.0014860000
0.0116470000
0.0146660000
0.0014290000
0.0235910000
0.0211610000
0.0017720000
0.0118810000
0.0146760000
0.0019690000
0.0129950000
0.0177610000
0.0014290000
0.0115480000
0.0151270000
0.0014540000
0.0118420000
0.0147100000
0.0014460000
0.0118900000
0.0190220000
0.0014490000
0.0122630000
0.0155620000
0.0014710000
0.0122460000
0.0152980000
0.0015920000
0.0153970000
0.0159330000
0.0014570000
0.0122810000
0.0157150000
0.0014300000
0.0142650000
0.0172920000
0.0015010000
0.0127430000
0.0154950000
0.0015820000
0.0205650000
0.0150960000
0.0014820000
0.0120590000
0.0147010000
0.0030070000
0.0128870000
0.0147290000
0.0014950000
0.0120650000
0.0145540000
0.0015200000
0.0117710000
0.0172800000
0.0018960000
0.0117400000
0.0178010000
0.0020290000
0.0114760000
0.0217440000
0.0014810000
0.0177240000
0.0149540000
0.0014450000
0.0116810000
0.0157880000
0.0014340000
0.0131180000
0.0144960000
0.0014410000
0.0159110000
0.0150430000
0.0014520000
0.0119810000
0.0147750000
0.0014330000
0.0185540000
0.0154020000
0.0014330000
0.0117140000
0.0148960000
0.0014350000
0.0135440000
0.0184870000
0.0015860000
0.0120050000
0.0160800000
0.0021600000
0.0117470000
0.0181980000
0.0014340000
0.0116520000
0.0150470000
0.0014660000
0.0124370000
0.0151890000
0.0014420000
0.0131320000
0.0199520000
0.0014560000
0.0131400000
0.0151420000
0.0014630000
0.0116660000
0.0155830000
0.0014320000
0.0135030000
0.0164310000
0.0014520000
0.0129310000
0.0161330000
0.0016560000
0.0122580000
0.0166800000
0.0019060000
0.0130550000
0.0153120000
0.0014820000
0.0116450000
0.0216310000
0.0017550000
0.0182200000
0.0164470000
0.0014310000
0.0128900000
0.0147760000
0.0014310000
0.0114960000
0.0144820000
0.0014500000
0.0131630000
0.0147250000
0.0014330000
0.0119590000
0.0145940000
0.0014300000
0.0120310000
0.0153900000
0.0014480000
0.0147850000
0.0150780000
0.0015470000
0.0125080000
0.0152330000
0.0017000000
0.0123360000
0.0151160000
0.0018240000
0.0121740000
0.0157980000
0.0014670000
0.0120860000
0.0156000000
0.0014320000
0.0125100000
0.0157260000
0.0014330000
0.0118900000
0.0155200000
0.0014320000
0.0124680000
0.0154740000
0.0016660000
0.0131990000
0.0160470000
0.0014450000
0.0127920000
0.0174160000
0.0014510000
0.0121850000
0.0154130000
0.0014330000
0.0145970000
0.0174090000
0.0015060000
0.0116220000
0.0167100000
0.0014490000
0.0115020000
0.0149390000
0.0017670000
0.0118920000
0.0148140000
0.0014630000
0.0124210000
0.0164580000
0.0014330000
0.0132160000
0.0187430000
0.0014310000
0.0114710000
0.0146140000
0.0014830000
0.0117770000
0.0147780000
0.0014320000
0.0117330000
0.0210120000
0.0022740000
0.0117010000
0.0172490000
0.0016510000
0.0129860000
0.0152170000
0.0028130000
0.0126370000
0.0160000000
0.0014360000
0.0130910000
0.0148440000
0.0014310000
0.0118990000
0.0157580000
0.0017270000
0.0130710000
0.0163990000
0.0014800000
0.0178410000
0.0259080000
0.0020240000
0.0126190000
0.0159320000
0.0014720000
0.0122140000
0.0146660000
0.0014820000
0.0168410000
0.0168370000
0.0018820000
0.0123770000
0.0149840000
0.0014370000
0.0129120000
0.0150850000
0.0014320000
0.0129130000
0.0152930000
0.0014520000
0.0123120000
0.0147080000
0.0015810000
0.0122020000
0.0161910000
0.0014330000
0.0146750000
0.0181540000
0.0017670000
0.0157800000
0.0194410000
0.0018940000
0.0154400000
0.0191200000
0.0016140000
0.0154810000
0.0166450000
0.0019430000
0.0159880000
0.0157570000
0.0015610000
0.0125430000
0.0146780000
0.0015400000
0.0115510000
0.0146450000
0.0014490000
0.0137310000
0.0149320000
0.0015230000
0.0155360000
0.0181730000
0.0014320000
0.0123390000
0.0164380000
0.0014310000
0.0120780000
0.0207020000
0.0014340000
0.0124090000
0.0165120000
0.0029690000
0.0134590000
0.0148770000
0.0014660000
0.0117850000
0.0169520000
0.0014680000
0.0126760000
0.0146070000
0.0014430000
0.0131620000
0.0148850000
0.0014450000
0.0125620000
0.0152800000
0.0014340000
