0.0207330000
0.0239930000
0.0767140000
0.0199980000
0.0256570000
0.0607260000
0.0193640000
0.0249030000
0.0748980000
0.0190080000
0.0236000000
0.0663780000
0.0195960000
0.0241170000
0.0672900000
0.0196450000
0.0236840000
0.0625940000
0.0197990000
0.0397860000
0.0605670000
0.0280010000
0.0233440000
0.0619650000
0.0194020000
0.0233320000
0.0639040000
0.0200540000
0.0274480000
0.0685420000
0.0196280000
0.0235700000
0.0716030000
0.0195140000
0.0234240000
0.0618710000
0.0195710000
0.0269350000
0.0710030000
0.0221110000
0.0307850000
0.0639770000
0.0286950000
0.0251400000
0.0660070000
0.0331750000
0.0231930000
0.0614290000
0.0211390000
0.0281220000
0.0675910000
0.0214730000
0.0244820000
0.0643260000
0.0198390000
0.0251710000
0.0640840000
0.0218720000
0.0271600000
0.0641960000
0.0209480000
0.0252540000
0.0674010000
0.0216810000
0.0234860000
0.0625530000
0.0286660000
0.0302880000
0.0627460000
0.0203540000
0.0233220000
0.0632890000
0.0235000000
0.0231250000
0.0617830000
0.0190780000
0.0229490000
0.0701820000
0.0215910000
0.0236520000
0.0733170000
0.0212710000
0.0270210000
0.0722040000
0.0212570000
0.0248360000
0.0597860000
0.0198020000
0.0237330000
0.0615930000
0.0216830000
0.0273560000
0.0679730000
0.0204110000
0.0243040000
0.0659410000
0.0217590000
0.0253000000
0.0658790000
0.0191420000
0.0229980000
0.0611220000
0.0209910000
0.0268840000
0.0645160000
0.0230970000
0.0247750000
0.0722150000
0.0219400000
0.0248790000
0.0647430000
0.0228940000
0.0246860000
0.0654700000
0.0194710000
0.0230670000
0.0616470000
0.0194780000
0.0232030000
0.0659980000
0.0248310000
0.0238530000
0.0669190000
0.0257500000
0.0344170000
0.0725010000
0.0255280000
0.0258110000
0.0629460000
0.0220690000
0.0281030000
0.0723860000
0.0232760000
0.0247950000
0.0646650000
0.0192870000
0.0234660000
0.0666620000
0.0217710000
0.0252430000
0.0665330000
0.0240700000
0.0263000000
0.0737710000
0.0243280000
0.0282970000
0.0760750000
0.0244100000
0.0258220000
0.0693790000
0.0194140000
0.0236760000
0.0624070000
0.0221860000
0.0283950000
0.0747380000
0.0198290000
0.0240050000
0.0716070000
0.0205090000
0.0248330000
0.0661700000
0.0202390000
0.0242670000
0.0634110000
0.0206820000
0.0262850000
0.0650230000
0.0264500000
0.0357710000
0.0785710000
0.0231220000
0.0260850000
0.0623980000
0.0245930000
0.0288640000
0.0643770000
0.0252130000
0.0251560000
0.0650460000
0.0193590000
0.0238450000
0.0905960000
0.0208010000
0.0240250000
0.0717650000
0.0277680000
0.0340720000
0.0694440000
0.0202430000
0.0245360000
0.0710910000
0.0192340000
0.0235790000
0.0699840000
0.0210690000
0.0238760000
0.0680310000
0.0216980000
0.0284900000
0.0644430000
0.0194720000
0.0237370000
0.0716340000
0.0200880000
0.0250010000
0.0634560000
0.0203850000
0.0248420000
0.0645120000
0.0208780000
0.0251220000
0.0637270000
0.0204140000
0.0244260000
0.0710840000
0.0191520000
0.0232650000
0.0670660000
0.0193370000
0.0235280000
0.0611680000
0.0192050000
0.0233160000
0.0601620000
0.0190110000
0.0234660000
0.0649770000
0.0203360000
0.0232600000
0.0726410000
0.0198420000
0.0231360000
0.0774070000
0.0236370000
0.0277460000
0.0603980000
0.0195160000
0.0231550000
0.0700760000
0.0216660000
0.0235870000
0.0717820000
0.0198070000
0.0259350000
0.0610150000
0.0193700000
0.0237490000
0.0602970000
0.0229150000
0.0230040000
0.0638620000
0.0212670000
0.0230100000
0.0709940000
0.0192800000
0.0233400000
0.0674670000
0.0285790000
0.0303050000
0.0630830000
0.0215290000
0.0241320000
0.0645420000
0.0229690000
0.0308780000
0.0731770000
0.0192800000
0.0276160000
0.0638390000
0.0200430000
0.0249870000
0.0610420000
0.0199450000
0.0234240000
0.0663190000
0.0204050000
0.0267270000
0.0706170000
0.0215900000
0.0244320000
0.0674170000
0.0220730000
0.0296140000
0.0681310000
0.0198950000
0.0253540000
0.0654710000
0.0204980000
0.0337380000
0.0638740000
0.0194290000
0.0251690000
0.0631430000
0.0189950000
0.0233590000
0.0628630000
0.0224500000
0.0296690000
0.0623700000
0.0196420000
0.0312970000
0.0750200000
0.0220990000
0.0235190000
0.0763650000
0.0232730000
0.0234680000
0.0745560000
0.0255170000
0.0262410000
0.0605880000
0.0203840000
0.0231530000
0.0603850000
0.0207960000
0.0232980000
0.0665610000
0.0191180000
0.0234900000
0.0598560000
0.0204520000
0.0236110000
0.0601060000
0.0233520000
0.0229580000
0.0654910000
0.0238270000
0.0263790000
0.0683330000
0.0193690000
0.0231150000
0.0741100000
0.0205240000
0.0297090000
0.0713690000
0.0189740000
0.0240230000
0.0673560000
0.0237700000
0.0292480000
0.0606860000
0.0211380000
0.0287330000
0.0599750000
0.0191570000
0.0230440000
0.0660140000
0.0242370000
0.0228210000
0.0665760000
0.0191300000
0.0229000000
0.0602760000
0.0189430000
0.0231470000
0.0658470000
0.0191430000
0.0233450000
0.0622000000
0.0196500000
0.0240380000
0.0642950000
0.0197370000
0.0256540000
0.0723610000
0.0201380000
0.0257360000
0.0637530000
0.0203330000
0.0257710000
0.0638810000
0.0189670000
0.0242780000
0.0598530000
0.0262760000
0.0240370000
0.0719870000
0.0248320000
0.0232800000
0.0751740000
0.0418240000
0.0424400000
0.0665440000
0.0271420000
0.0250510000
0.0597410000
0.0189280000
0.0229650000
0.0596080000
0.0189390000
0.0310990000
0.0653830000
0.0237380000
0.0229950000
0.0823080000
0.0191110000
0.0229550000
0.0655990000
0.0225560000
0.0329820000
0.0594470000
0.0221360000
0.0228750000
0.0598820000
0.0251310000
0.0230000000
0.0657070000
0.0202510000
0.0228860000
0.0595400000
0.0189110000
0.0229430000
0.0594630000
0.0245700000
0.0255060000
0.0718800000
0.0190310000
0.0229180000
0.0625190000
0.0210970000
0.0292050000
0.0709620000
0.0189280000
0.0229590000
0.0595480000
0.0189250000
0.0230680000
0.0660740000
0.0252090000
0.0229780000
0.0604510000
0.0190350000
0.0228950000
0.0592000000
0.0213260000
0.0232660000
0.0710730000
0.0189600000
0.0228560000
0.0591760000
0.0189490000
0.0239250000
0.0613520000
0.0189780000
0.0229140000
0.0656520000
0.0201170000
0.0229980000
0.0716060000
0.0215410000
0.0228930000
0.0659800000
0.0189630000
0.0291150000
0.0594850000
0.0225250000
0.0254350000
0.0649470000
0.0217110000
0.0269330000
0.0719380000
0.0222510000
0.0246600000
0.0649260000
0.0204710000
0.0251160000
0.0721270000
0.0189570000
0.0230250000
0.0625620000
0.0192710000
0.0249820000
0.0656780000
0.0189560000
0.0354080000
0.0656680000
0.0189780000
0.0291810000
0.0656610000
0.0235220000
0.0261150000
0.0683300000
0.0210630000
0.0292480000
0.0659350000
0.0190100000
0.0283920000
0.0715870000
