0.0323920000
0.0429680000
0.6180220000
0.0484840000
0.0395680000
0.6327540000
0.0307450000
0.0415270000
0.6262490000
0.0314310000
0.0410980000
0.6339190000
0.0328870000
0.0403710000
0.6581220000
0.0296610000
0.0397470000
0.6365400000
0.0321510000
0.0466970000
0.6343910000
0.0416310000
0.0492640000
0.6439300000
0.0321510000
0.0418160000
0.6460970000
0.0437580000
0.0478290000
0.6553990000
0.0360120000
0.0444670000
0.6056410000
0.0358630000
0.0400530000
0.6177810000
0.0397820000
0.0405890000
0.6482550000
0.0296340000
0.0460540000
0.6963220000
0.0315720000
0.0440130000
0.6282970000
0.0302030000
0.0398270000
0.6210430000
0.0410940000
0.0461430000
0.6714100000
0.0330510000
0.0503790000
0.6411930000
0.0302330000
0.0397210000
0.6281970000
0.0306000000
0.0413970000
0.6394220000
0.0316130000
0.0438830000
0.6154080000
0.0332850000
0.0461900000
0.6343440000
0.0313420000
0.0408100000
0.6255120000
0.0329650000
0.0408090000
0.6456100000
0.0322070000
0.0425960000
0.6339480000
0.0314120000
0.0423620000
0.6501370000
0.0315490000
0.0444660000
0.6124180000
0.0296000000
0.0417140000
0.6483280000
0.0296790000
0.0419420000
0.6224230000
0.0296330000
0.0406560000
0.6298180000
0.0321420000
0.0396620000
0.6174910000
0.0344600000
0.0451390000
0.7184320000
0.0321740000
0.0428860000
0.6765190000
0.0303740000
0.0472960000
0.6729560000
0.0318650000
0.0483830000
0.6721680000
0.0350140000
0.0406480000
0.6789020000
0.0316560000
0.0447950000
0.6839380000
0.0366790000
0.0479000000
0.7008300000
0.0317360000
0.0437560000
0.6606200000
0.0445380000
0.0442290000
0.6546340000
0.0338690000
0.0409170000
0.6615760000
0.0318060000
0.0448810000
0.6885270000
0.0323840000
0.0419950000
0.6604970000
0.0367080000
0.0450990000
0.6491390000
0.0393820000
0.0461980000
0.6632960000
0.0349520000
0.0478160000
0.7062350000
0.0307650000
0.0407370000
0.6614660000
0.0309380000
0.0506770000
0.6658080000
0.0298800000
0.0405690000
0.6879590000
0.0323720000
0.0465080000
0.6660300000
0.0316330000
0.0445090000
0.7010020000
0.0313770000
0.0444280000
0.6521460000
0.0307210000
0.0491100000
0.6637090000
0.0343630000
0.0414850000
0.6510970000
0.0337780000
0.0425620000
0.7113690000
0.0363880000
0.0426960000
0.6753970000
0.0317740000
0.0405610000
0.6866600000
0.0406200000
0.0463160000
0.6682080000
0.0314690000
0.0530460000
0.6887860000
0.0373110000
0.0488470000
0.6851970000
0.0336810000
0.0424630000
0.6725760000
0.0367010000
0.0453870000
0.6752630000
0.0340730000
0.0502270000
0.6358310000
0.0352390000
0.0564040000
0.6486490000
0.0308750000
0.0572360000
0.6776900000
0.0323850000
0.0510040000
0.6800470000
0.0322580000
0.0466280000
0.6407340000
0.0326730000
0.0482420000
0.6827620000
0.0387680000
0.0457770000
0.6734640000
0.0361760000
0.0493150000
0.6808500000
0.0423860000
0.0464010000
0.6277510000
0.0366050000
0.0549170000
0.6676150000
0.0316090000
0.0500970000
0.6839210000
0.0300540000
0.0468730000
0.6806970000
0.0305800000
0.0447570000
0.7114420000
0.0321630000
0.0473620000
0.6273180000
0.0323820000
0.0400640000
0.6848440000
0.0349260000
0.0612690000
0.6909040000
0.0326780000
0.0489480000
0.6865620000
0.0360660000
0.0432700000
0.6740560000
0.0302940000
0.0434130000
0.6653140000
0.0307120000
0.0448840000
0.6603120000
0.0446980000
0.0433620000
0.6287730000
0.0300260000
0.0426350000
0.6720860000
0.0424080000
0.0438870000
0.6563150000
0.0308650000
0.0519390000
0.6572010000
0.0446500000
0.0504530000
0.6527530000
0.0347200000
0.0445620000
0.6630990000
0.0348090000
0.0456880000
0.7074890000
0.0335370000
0.0453900000
0.6785430000
0.0340170000
0.0490800000
0.6855900000
0.0327130000
0.0451960000
0.7058440000
0.0331000000
0.0448020000
0.6556840000
0.0351360000
0.0486740000
0.6880700000
0.0324320000
0.0427020000
0.6603910000
0.0304660000
0.0409850000
0.6747890000
0.0314630000
0.0427190000
0.6734510000
0.0452980000
0.0529030000
0.7074860000
0.0313770000
0.0414870000
0.6197850000
0.0318300000
0.0468670000
0.6285740000
0.0302760000
0.0403220000
0.6244310000
0.0300380000
0.0410910000
0.6417650000
0.0352900000
0.0433870000
0.6516730000
0.0323850000
0.0435110000
0.6110890000
0.0299790000
0.0409750000
0.6453990000
0.0359080000
0.0397010000
0.6236530000
0.0335560000
0.0486600000
0.6650400000
0.0338650000
0.0462390000
0.6586050000
0.0346190000
0.0474960000
0.6885400000
0.0322000000
0.0480410000
0.6116880000
0.0312390000
0.0435680000
0.6398520000
0.0295790000
0.0398680000
0.6241430000
0.0294930000
0.0396460000
0.6057490000
0.0296120000
0.0459150000
0.5985660000
0.0297700000
0.0467300000
0.6174770000
0.0300420000
0.0401570000
0.6047930000
0.0318390000
0.0408760000
0.6271910000
0.0339760000
0.0398470000
0.5979150000
0.0317040000
0.0397440000
0.6159200000
