0.0658490000
0.0825030000
0.0572810000
0.0848260000
0.0604150000
0.0859760000
0.0614210000
0.0914220000
0.0675430000
0.1412490000
0.0587630000
0.1095740000
0.0577910000
0.0842090000
0.0615970000
0.1013160000
0.0707150000
0.0918290000
0.0602940000
0.1029310000
0.0840880000
0.0894830000
0.0587820000
0.0818670000
0.0590000000
0.0807630000
0.0647000000
0.0792520000
0.0667910000
0.0857110000
0.0649490000
0.0779460000
0.0725650000
0.0880210000
0.0574630000
0.0910060000
0.0758000000
0.1141620000
0.0647790000
0.0863100000
0.0657070000
0.0988560000
0.0648810000
0.0883150000
0.0748170000
0.0866910000
0.0642490000
0.0821080000
0.0625020000
0.0781850000
0.0655620000
0.0825150000
0.0601350000
0.0779970000
0.0574150000
0.0842040000
0.0600120000
0.0911500000
0.0678370000
0.0825090000
0.0624250000
0.0963630000
0.0708870000
0.0896680000
0.0614900000
0.0927150000
0.0744470000
0.1018400000
0.0682770000
0.0888800000
0.0592730000
0.0955270000
0.0591800000
0.0926170000
0.0693940000
0.0868180000
0.0670040000
0.0964190000
0.0711680000
0.0866530000
0.0656940000
0.0891650000
0.0689930000
0.0930020000
0.0727140000
0.0784600000
0.0578060000
0.0875080000
0.0639140000
0.0858040000
0.0581890000
0.0921080000
0.0591970000
0.0795500000
0.0570430000
0.0785050000
0.0612350000
0.0838060000
0.0598660000
0.0870050000
0.0604630000
0.0820880000
0.0578090000
0.0785580000
0.0783110000
0.0782820000
0.0581530000
0.0786320000
0.0604810000
0.0788160000
0.0666450000
0.0870810000
0.0667000000
0.0804340000
0.0580670000
0.0919040000
0.0582600000
0.0835190000
0.0608430000
0.0855970000
0.0571060000
0.0965230000
0.0575040000
0.0798370000
0.0650100000
0.0823270000
0.0576020000
0.0921090000
0.0847690000
0.1117730000
0.0616960000
0.0956690000
0.0900310000
0.0933300000
0.0672270000
0.0789460000
0.0627980000
0.0933120000
0.0647350000
0.0851410000
0.0808920000
0.1082620000
0.0775010000
0.0821350000
0.0716090000
0.0932120000
0.0691750000
0.0891780000
0.0704260000
0.0797920000
0.0703900000
0.0881060000
0.0671950000
0.0972530000
0.0705440000
0.0833570000
0.0641460000
0.1046840000
0.0627620000
0.0851050000
0.0685140000
0.0779980000
0.0933500000
0.0959330000
0.0699650000
0.0851060000
0.0674440000
0.0862790000
0.0572510000
0.0849630000
0.0577620000
0.0795120000
0.0592460000
0.0780380000
0.0694300000
0.0897610000
0.0676350000
0.0914470000
0.0634730000
0.0783710000
0.0626990000
0.0816530000
0.0700270000
0.0887400000
0.0594410000
0.0788850000
0.0604650000
0.0844830000
0.0733530000
0.0783160000
0.0597990000
0.0806390000
0.0601540000
0.0776020000
0.0579450000
0.0777730000
0.0620660000
0.0838490000
0.0572350000
0.0813860000
0.0569970000
0.0904130000
0.0594670000
0.0840160000
