0.0396590000
0.0673750000
0.0015930000
0.0452920000
0.0545290000
0.0015610000
0.0576080000
0.0939530000
0.0022490000
0.0419130000
0.0562470000
0.0015360000
0.0418170000
0.0550400000
0.0016980000
0.0401760000
0.0540930000
0.0015920000
0.0407270000
0.0555270000
0.0015620000
0.0495350000
0.0673860000
0.0020840000
0.0503770000
0.0655040000
0.0027450000
0.0556890000
0.0703430000
0.0023790000
0.0496130000
0.0732280000
0.0020380000
0.0512440000
0.0786410000
0.0026710000
0.0579400000
0.0809020000
0.0144830000
0.0512180000
0.0682720000
0.0015740000
0.0503500000
0.0671250000
0.0016610000
0.0492800000
0.0631270000
0.0027030000
0.0546080000
0.0752280000
0.0016470000
0.0476770000
0.0986360000
0.0027590000
0.0447330000
0.0585370000
0.0015990000
0.0490590000
0.0659320000
0.0019180000
0.0429420000
0.0647760000
0.0020960000
0.0502790000
0.0660420000
0.0015670000
0.0483750000
0.0574720000
0.0020810000
0.0427720000
0.0585790000
0.0015400000
0.0442840000
0.0558110000
0.0015900000
0.0401720000
0.0586510000
0.0022900000
0.0441780000
0.0624260000
0.0015640000
0.0404520000
0.0551600000
0.0017540000
0.0460450000
0.0536700000
0.0015330000
0.0399490000
0.0549210000
0.0015320000
0.0451740000
0.0626740000
0.0015660000
0.0418630000
0.0571330000
0.0017650000
0.0396790000
0.0699000000
0.0015650000
0.0484430000
0.0573030000
0.0015740000
0.0434720000
0.0546040000
0.0021730000
0.0479960000
0.0573870000
0.0015390000
0.0515580000
0.0598000000
0.0015750000
0.0400440000
0.0625790000
0.0015580000
0.0400460000
0.0597230000
0.0018210000
0.0457770000
0.0548630000
0.0015630000
0.0406570000
0.0547440000
0.0015820000
0.0462000000
0.0639220000
0.0021690000
0.0456690000
0.0667490000
0.0015350000
0.0431190000
0.0604480000
0.0022440000
0.0476430000
0.0597540000
0.0015690000
0.0403580000
0.0620090000
0.0015310000
0.0402150000
0.0569710000
0.0015370000
0.0424620000
0.0568760000
0.0017500000
0.0421030000
0.0573960000
0.0024490000
0.0403200000
0.0552480000
0.0016260000
0.0424040000
0.0577230000
0.0015350000
0.0402580000
0.0682230000
0.0015380000
0.0420970000
0.0600240000
0.0020280000
0.0427780000
0.0559500000
0.0015360000
0.0613870000
0.0643150000
0.0015770000
0.0421230000
0.0565380000
0.0015300000
0.0453710000
0.0587980000
0.0016080000
0.0452190000
0.0692450000
0.0026460000
0.0487320000
0.0550870000
0.0015340000
0.0397630000
0.0599620000
0.0015710000
0.0397810000
0.0601410000
0.0015650000
0.0435250000
0.0625210000
0.0015670000
0.0398600000
0.0699460000
0.0015780000
0.0461440000
0.0605370000
0.0016440000
0.0420490000
0.0730060000
0.0018850000
0.0437300000
0.0601240000
0.0016300000
0.0435250000
0.0574540000
0.0016410000
0.0554240000
0.0790210000
0.0021550000
0.0462160000
0.0540030000
0.0015540000
0.0571880000
0.0622230000
0.0017730000
0.0439650000
0.0678850000
0.0030600000
0.0456980000
0.0592120000
0.0018700000
0.0399330000
0.0579920000
0.0015620000
0.0521560000
0.0580510000
0.0033300000
0.0403060000
0.0556520000
0.0016030000
0.0405210000
0.0538190000
0.0015550000
0.0429180000
0.0572250000
0.0016160000
0.0458830000
0.0603490000
0.0016410000
0.0633000000
0.0560700000
0.0016280000
0.0419920000
0.0552370000
0.0016410000
0.0470300000
0.0722510000
0.0016820000
0.0434150000
0.0588790000
0.0015750000
0.0398690000
0.0669080000
0.0016990000
0.0408070000
0.0690230000
0.0019190000
0.0442910000
0.0616510000
0.0015820000
0.0408690000
0.0548940000
0.0015770000
0.0407370000
0.0560060000
0.0015700000
0.0437630000
0.0576400000
0.0018160000
0.0501610000
0.0664030000
0.0015980000
0.0417460000
0.0543060000
0.0015790000
0.0485500000
0.0544680000
0.0015690000
0.0478770000
0.0724130000
0.0015380000
0.0447680000
0.0674670000
0.0015640000
0.0398210000
0.0614090000
0.0016230000
0.0411120000
0.0570410000
0.0015350000
0.0440570000
0.0559790000
0.0015690000
0.0402800000
0.0623830000
0.0015390000
0.0622330000
0.0784290000
0.0026720000
0.0453080000
0.0698280000
0.0026860000
0.0655390000
0.0765830000
0.0026200000
