1.3368360000
1.5316550000
0.6682630000
1.4114690000
1.3455790000
0.6362940000
1.3046050000
1.4496310000
0.6263720000
1.3507730000
1.4629580000
0.6451670000
1.3688300000
1.4214670000
0.6385520000
1.3440770000
1.3959100000
0.6336200000
0.0122520000
0.0129480000
0.0058430000
0.0174660000
0.0136310000
0.0057000000
0.0192600000
0.0188070000
0.0071210000
0.0165730000
0.0161560000
0.0061160000
0.0122680000
0.0129990000
0.0058490000
0.0122080000
0.0129050000
0.0059770000
0.0122820000
0.0181610000
0.0069330000
0.0131740000
0.0191980000
0.0057100000
0.0123070000
0.0128720000
0.0102070000
0.0123520000
0.0150470000
0.0057960000
0.0122010000
0.0129140000
0.0057710000
0.0136800000
0.0130460000
0.0056980000
0.0121780000
0.0129210000
0.0057930000
0.0121380000
0.0132770000
0.0058430000
0.0185320000
0.0130290000
0.0060310000
0.0157300000
0.0130640000
0.0057060000
0.0123860000
0.0141660000
0.0103370000
0.0152370000
0.0130440000
0.0056890000
0.0123750000
0.0129050000
0.0056760000
0.0136550000
0.0128890000
0.0057060000
0.0122550000
0.0131290000
0.0057390000
0.0123010000
0.0174120000
0.0057590000
0.0122440000
0.0136220000
0.0056900000
0.0122880000
0.0129860000
0.0057210000
0.0173080000
0.0140640000
0.0058900000
0.0154780000
0.0191900000
0.0056960000
0.0184470000
0.0129060000
0.0063460000
0.0152210000
0.0130010000
0.0060820000
0.0142150000
0.0139900000
0.0062530000
0.0127290000
0.0128950000
0.0057950000
0.0122770000
0.0129180000
0.0057220000
0.0122200000
0.0129760000
0.0057350000
0.0124330000
0.0174870000
0.0074370000
0.0143420000
0.0130340000
0.0057370000
0.0166070000
0.0144200000
0.0105520000
0.0143720000
0.0135280000
0.0057670000
0.0122180000
0.0138450000
0.0062150000
0.0123220000
0.0129340000
0.0057100000
0.0122870000
0.0130820000
0.0061430000
0.0121700000
0.0129390000
0.0057170000
0.0128770000
0.0130600000
0.0057510000
0.0122360000
0.0129170000
0.0056980000
0.0130230000
0.0130350000
0.0057010000
0.0122630000
0.0128870000
0.0058660000
0.0121650000
0.0130020000
0.0056930000
0.0161340000
0.0129100000
0.0056860000
0.0241940000
0.0151470000
0.0057900000
0.0121560000
0.0130560000
0.0057390000
0.0128930000
0.0131040000
0.0065450000
0.0143490000
0.0129180000
0.0058300000
0.0139750000
0.0129220000
0.0056980000
0.0145160000
0.0128970000
0.0056760000
0.0122400000
0.0129470000
0.0056870000
0.0226340000
0.0170460000
0.0071060000
0.0142680000
0.0165950000
0.0065460000
0.0158470000
0.0244070000
0.0080950000
0.0122060000
0.0130680000
0.0060130000
0.0128970000
0.0133260000
0.0060260000
0.0136800000
0.0203130000
0.0067920000
0.0122240000
0.0130710000
0.0057630000
0.0133870000
0.0161440000
0.0061930000
0.0124440000
0.0131230000
0.0059920000
0.0129230000
0.0159800000
0.0061830000
0.0157740000
0.0130370000
0.0064620000
0.0185310000
0.0161230000
0.0062360000
0.0123820000
0.0172420000
0.0076360000
0.0129120000
0.0145200000
0.0058510000
0.0135000000
0.0136430000
0.0070950000
0.0124060000
0.0131030000
0.0058890000
0.0124020000
0.0143970000
0.0057110000
0.0135670000
0.0135460000
0.0057530000
0.0129190000
0.0139620000
0.0060620000
0.0128530000
0.0130870000
0.0058850000
0.0138010000
0.0134970000
0.0057100000
0.0124070000
0.0130930000
0.0057030000
0.0130940000
0.0137270000
0.0060460000
0.0167760000
0.0132210000
0.0065020000
0.0122210000
0.0135380000
0.0057930000
0.0124360000
0.0132990000
0.0061310000
0.0125960000
0.0135040000
0.0057530000
0.0131160000
0.0132220000
0.0056970000
0.0127180000
0.0130640000
0.0057360000
0.0122680000
0.0129570000
0.0059630000
0.0121840000
0.0130300000
0.0060100000
0.0124210000
0.0151410000
0.0062070000
0.0126210000
0.0132030000
0.0057130000
0.0123640000
0.0129350000
0.0058120000
0.0141080000
0.0132150000
0.0062060000
0.0126780000
0.0131610000
0.0062090000
0.0130710000
0.0130070000
0.0057200000
0.0133930000
0.0136130000
0.0058250000
0.0155460000
0.0166860000
0.0065750000
0.0124470000
0.0138070000
0.0063740000
0.0123460000
0.0135400000
0.0065270000
0.0128130000
0.0141880000
0.0062410000
0.0126420000
0.0142680000
0.0122690000
0.0236260000
0.0134560000
0.0060820000
0.0129490000
0.0130960000
0.0072720000
0.0122960000
0.0129470000
0.0060490000
0.0123490000
0.0140810000
0.0061750000
0.0143030000
0.0137190000
0.0056960000
0.0127800000
0.0132350000
0.0064330000
0.0122070000
0.0130940000
0.0057110000
0.0154810000
0.0251420000
0.0065690000
0.0122680000
0.0129900000
0.0107330000
0.0122410000
0.0134210000
0.0059740000
0.0127790000
0.0131780000
0.0057900000
0.0149620000
0.0139730000
0.0057230000
0.0127580000
0.0133440000
0.0060920000
0.0130450000
0.0134070000
0.0061730000
0.0126330000
0.0142700000
0.0060980000
0.0130570000
0.0143300000
0.0062970000
0.0133870000
0.0139560000
0.0063150000
0.0136600000
0.0136140000
0.0074530000
0.0138100000
0.0147380000
0.0062970000
0.0125320000
0.0131740000
0.0056990000
0.0188910000
0.0137660000
0.0065340000
0.0124660000
0.0135230000
0.0056990000
0.0122940000
0.0190010000
0.0063080000
0.0130680000
0.0131800000
0.0057690000
0.0124490000
0.0131120000
0.0057640000
0.0168550000
0.0178780000
0.0063090000
0.0199400000
0.0138290000
0.0058890000
0.0160810000
0.0182610000
0.0057590000
0.0121840000
0.0131940000
0.0065190000
0.0124240000
0.0141170000
0.0057410000
0.0135970000
0.0145070000
0.0057060000
0.0125630000
0.0132720000
0.0057240000
0.0150160000
0.0170710000
0.0069200000
0.0126160000
0.0133750000
0.0057230000
0.0126190000
0.0152940000
0.0061770000
0.0131740000
0.0130840000
0.0057460000
0.0122400000
0.0128740000
0.0058840000
0.0126130000
0.0131370000
0.0059400000
0.0129800000
0.0132630000
0.0059040000
0.0125030000
0.0131780000
0.0062770000
0.0128170000
0.0131180000
0.0058940000
0.0159190000
0.0137170000
0.0062630000
0.0144200000
0.0156900000
0.0061460000
0.0130300000
0.0136550000
0.0061160000
0.0134480000
0.0134070000
0.0058340000
0.0125620000
0.0132140000
0.0065270000
0.0167810000
0.0130740000
0.0056940000
0.0131120000
0.0129790000
0.0056640000
0.0130360000
0.0132230000
0.0057850000
0.0129040000
0.0131040000
0.0059340000
0.0137950000
0.0151750000
0.0067880000
0.0135420000
0.0137340000
0.0056930000
0.0127630000
0.0133520000
0.0057160000
0.0130100000
0.0135860000
0.0058370000
0.0144120000
0.0136650000
0.0058730000
0.0137730000
0.0139030000
0.0065640000
0.0131750000
0.0135690000
0.0057490000
0.0138570000
0.0142090000
0.0059040000
0.0131270000
0.0154920000
0.0061220000
0.0133470000
0.0133140000
0.0058610000
0.0130870000
0.0150910000
0.0066960000
0.0128540000
0.0134560000
0.0061450000
0.0131880000
0.0130620000
0.0062710000
0.0122910000
0.0130670000
0.0057480000
0.0122740000
0.0131090000
0.0059930000
0.0126910000
0.0132280000
0.0057910000
0.0132240000
0.0130110000
0.0058160000
0.0126810000
0.0129840000
0.0057040000
0.0124980000
0.0137550000
0.0057890000
0.0129350000
0.0131920000
0.0057110000
0.0125170000
0.0130690000
0.0056980000
0.0171340000
0.0148730000
0.0063200000
0.0149330000
0.0189800000
0.0058790000
0.0122070000
0.0137990000
0.0059340000
0.0128690000
0.0129980000
0.0057330000
0.0150900000
0.0143830000
0.0057640000
0.0133680000
0.0144220000
0.0060960000
0.0131760000
0.0136110000
0.0059840000
0.0124860000
0.0149620000
0.0057850000
0.0129610000
0.0144370000
0.0061840000
0.0124520000
0.0135910000
0.0057990000
0.0122890000
0.0130270000
0.0058690000
0.0128990000
0.0129250000
0.0057330000
0.0124530000
0.0141120000
0.0061790000
0.0135430000
0.0148970000
0.0060180000
0.0126530000
0.0129580000
0.0058140000
0.0162190000
0.0177140000
0.0075690000
0.0153170000
0.0152060000
0.0077440000
0.0152660000
0.0160440000
0.0074840000
0.0150370000
0.0173700000
0.0067690000
0.0168540000
0.0147780000
0.0064370000
0.0126260000
0.0133940000
0.0062500000
0.0123390000
0.0131080000
0.0057100000
0.0154800000
0.0138570000
0.0058530000
0.0129630000
0.0174030000
0.0058330000
0.0131330000
0.0130300000
0.0059250000
0.0122930000
0.0146550000
0.0111070000
0.0155500000
0.0143940000
0.0057760000
0.0122400000
0.0131000000
0.0059620000
0.0143200000
0.0170360000
0.0061010000
0.0124010000
0.0129190000
0.0057400000
0.0125000000
0.0199550000
0.0059340000
0.0123450000
0.0230390000
0.0057490000
0.0125610000
0.0230550000
0.0073980000
