0.0638710000
0.0909150000
0.0644170000
0.0852740000
0.0633780000
0.0905880000
0.0581780000
0.0851840000
0.0704970000
0.1062040000
0.0834080000
0.0959380000
0.0599680000
0.1082990000
0.0841540000
0.0930600000
0.0609890000
0.1048000000
0.0647360000
0.0969460000
0.0604220000
0.0921110000
0.0638860000
0.0902700000
0.0579580000
0.0910520000
0.0600510000
0.0928740000
0.0596830000
0.0872130000
0.0581520000
0.0997080000
0.0646500000
0.0912410000
0.0620490000
0.0912660000
0.0722830000
0.1086410000
0.0644420000
0.0941820000
0.0708580000
0.0919140000
0.0748420000
0.0934010000
0.0682910000
0.0998190000
0.0588830000
0.0912730000
0.0617120000
0.1024870000
0.0697450000
0.0851370000
0.0593510000
0.1036600000
0.0580640000
0.0950000000
0.0647510000
0.0988210000
0.0590100000
0.0944480000
0.0582550000
0.0975300000
0.0752890000
0.1100130000
0.0652710000
0.0930380000
0.0653680000
0.0896010000
0.0643780000
0.0967630000
0.0618700000
0.1043310000
0.0584870000
0.0927530000
0.0621490000
0.0853250000
0.0580790000
0.0969490000
0.0582030000
0.0905420000
0.0594590000
0.0964980000
0.0729560000
0.0954610000
0.0630000000
0.1000200000
0.0583660000
0.1129510000
0.0675970000
0.1035430000
0.0607210000
0.1001330000
0.0592140000
0.0949130000
0.0581730000
0.0899010000
0.0589960000
0.0873850000
0.0695910000
0.0999550000
0.0642790000
0.1003900000
0.0592900000
0.0899200000
0.0583290000
0.0976270000
0.0696750000
0.0958540000
0.0642940000
0.0916860000
0.0665550000
0.0856140000
0.0587220000
0.0960690000
0.0649700000
0.0948340000
0.0591700000
0.0915520000
0.0741210000
0.1197370000
0.0588450000
0.0845120000
0.0585730000
0.0909050000
0.0706290000
0.0904090000
0.0583810000
0.0850240000
0.0630670000
0.1047590000
0.0628210000
0.0883070000
0.0641800000
0.0974860000
0.0597840000
0.0914590000
0.0708510000
0.1045720000
0.0653000000
0.1050130000
0.0668210000
0.0937560000
0.0761260000
0.1031220000
0.0613110000
0.1720520000
0.0750020000
0.1128960000
0.0798890000
0.1033560000
0.0664490000
0.1001970000
0.0718000000
0.1403910000
0.0738070000
0.1061110000
0.0754840000
0.0930940000
0.0682690000
0.0936060000
0.0642860000
0.0907440000
0.0971740000
0.1633030000
0.0720510000
0.0908200000
0.0579810000
0.0863980000
0.0578640000
0.0924700000
0.0579290000
0.0849140000
0.0603430000
0.0904820000
0.0653420000
0.0976770000
0.0642760000
0.1016030000
0.0649740000
0.0913210000
0.0601090000
0.0939020000
0.0644570000
0.0906220000
0.0654500000
0.0973810000
0.0602770000
0.1020920000
0.0596950000
0.0968230000
0.0580080000
0.0885870000
0.0722000000
0.0907570000
0.0580110000
0.0946570000
0.0760270000
0.1026280000
0.0580760000
0.0899990000
0.0762940000
0.1016010000
0.0714760000
0.0973980000
